SYMBOL,SERIES,DATE1,PREV_CLOSE,OPEN_PRICE,HIGH_PRICE,LOW_PRICE,LAST_PRICE,CLOSE_PRICE,AVG_PRICE,TTL_TRD_QNTY,TURNOVER_LACS,NO_OF_TRADES,DELIV_QTY,DELIV_PER
MAZDA,EQ,01-11-2016,364.0,374.7,400.0,305.0,365.6,369.0,375.1,"20,314","76,19,692.95",510,"5,884",28.97
MAZDA,EQ,02-11-2016,369.0,365.35,365.35,352.25,364.9,359.15,357.44,"3,522","12,58,909.15",111,812,23.06
MAZDA,EQ,03-11-2016,359.15,364.0,369.7,350.55,355.0,351.95,362.39,509,"1,84,458.15",24,232,45.58
MAZDA,EQ,04-11-2016,351.95,343.25,346.0,336.1,337.55,337.9,339.52,"1,460","4,95,705.55",34,"1,177",80.62
MAZDA,EQ,07-11-2016,337.9,325.1,358.0,325.1,349.05,349.05,351.13,"2,257","7,92,505.80",63,785,34.78
MAZDA,EQ,08-11-2016,349.05,358.95,360.0,350.0,350.5,350.5,354.18,719,"2,54,656.10",21,262,36.44
MAZDA,EQ,09-11-2016,350.5,325.0,344.9,325.0,340.0,340.0,337.8,747,"2,52,337.15",25,488,65.33
MAZDA,EQ,10-11-2016,340.0,340.0,360.0,335.0,350.05,351.75,351.3,383,"1,34,548.25",18,330,86.16
MAZDA,EQ,11-11-2016,351.75,340.0,349.9,335.0,340.0,347.95,346.09,477,"1,65,086.70",10,477,100.0
MAZDA,EQ,15-11-2016,347.95,340.0,340.0,320.0,326.0,328.1,328.79,"2,489","8,18,363.05",71,"1,901",76.38
MAZDA,EQ,16-11-2016,328.1,329.9,329.9,312.5,326.0,327.9,320.98,"2,905","9,32,442.80",41,"2,423",83.41
MAZDA,EQ,17-11-2016,327.9,324.0,324.0,320.0,324.0,323.05,321.11,362,"1,16,240.10",12,360,99.45
MAZDA,EQ,18-11-2016,323.05,320.0,325.0,320.0,320.05,320.05,321.71,323,"1,03,910.80",9,308,95.36
MAZDA,EQ,21-11-2016,320.05,320.1,328.0,306.0,328.0,318.9,318.6,500,"1,59,302.45",17,455,91.0
MAZDA,EQ,22-11-2016,318.9,320.0,320.0,320.0,320.0,320.0,320.0,20,"6,400.00",1,20,100.0
MAZDA,EQ,23-11-2016,320.0,303.0,340.0,303.0,323.25,323.25,315.97,216,"68,249.20",19,205,94.91
MAZDA,EQ,24-11-2016,323.25,318.0,318.0,318.0,318.0,318.0,318.0,20,"6,360.00",1,20,100.0
MAZDA,EQ,25-11-2016,318.0,328.95,344.9,318.05,344.0,340.4,338.27,135,"45,666.60",16,83,61.48
MAZDA,EQ,28-11-2016,340.4,320.45,339.95,305.6,339.0,335.7,329.11,109,"35,872.90",16,52,47.71
MAZDA,EQ,30-11-2016,335.7,315.05,339.0,315.05,320.0,320.05,320.75,"1,993","6,39,253.75",116,814,40.84
MAZDA,EQ,01-12-2016,320.05,330.0,338.0,310.25,316.55,318.9,322.12,"1,533","4,93,804.10",96,"1,140",74.36
MAZDA,EQ,02-12-2016,318.9,318.0,329.9,310.25,320.0,320.0,316.06,695,"2,19,660.00",53,500,71.94
MAZDA,EQ,05-12-2016,320.0,320.05,323.05,315.25,319.05,321.25,319.03,407,"1,29,847.05",19,106,26.04
MAZDA,EQ,06-12-2016,321.25,331.95,343.5,330.0,330.0,330.0,334.48,71,"23,748.10",10,60,84.51
MAZDA,EQ,07-12-2016,330.0,329.95,330.0,329.9,329.9,329.9,330.0,66,"21,779.70",7,63,95.45
MAZDA,EQ,08-12-2016,329.9,339.6,340.0,337.95,338.0,338.0,338.54,145,"49,088.95",7,140,96.55
MAZDA,EQ,09-12-2016,338.0,320.0,330.05,317.95,324.9,321.05,321.63,"1,105","3,55,404.85",43,811,73.39
MAZDA,EQ,12-12-2016,321.05,349.9,355.0,341.05,341.5,344.75,348.4,"7,777","27,09,505.50",342,"4,169",53.61
MAZDA,EQ,13-12-2016,344.75,354.0,354.0,333.55,339.4,338.85,344.95,"3,108","10,72,103.20",61,"2,805",90.25
MAZDA,EQ,14-12-2016,338.85,340.0,345.05,340.0,343.0,343.35,343.73,383,"1,31,650.40",18,239,62.4
MAZDA,EQ,15-12-2016,343.35,346.6,346.75,340.1,340.15,340.15,344.02,128,"44,034.50",8,114,89.06
MAZDA,EQ,16-12-2016,340.15,332.55,333.5,332.55,333.0,333.0,333.03,352,"1,17,227.60",17,300,85.23
MAZDA,EQ,19-12-2016,333.0,341.95,343.0,330.0,330.0,330.0,335.3,343,"1,15,008.70",17,314,91.55
MAZDA,EQ,20-12-2016,330.0,330.05,333.0,318.1,322.1,321.7,324.9,435,"1,41,332.95",29,420,96.55
MAZDA,EQ,21-12-2016,321.7,329.9,329.95,313.0,313.0,314.9,320.28,450,"1,44,126.15",26,274,60.89
MAZDA,EQ,22-12-2016,314.9,313.75,318.0,311.5,314.0,313.55,315.41,259,"81,691.15",28,239,92.28
MAZDA,EQ,23-12-2016,313.55,312.0,315.8,312.0,315.0,315.15,314.76,309,"97,261.95",23,250,80.91
MAZDA,EQ,26-12-2016,315.15,315.05,319.95,307.05,308.1,308.1,312.83,103,"32,221.25",14,99,96.12
MAZDA,EQ,27-12-2016,308.1,306.65,315.0,306.6,315.0,315.0,313.52,327,"1,02,522.35",14,288,88.07
MAZDA,EQ,28-12-2016,315.0,315.0,315.0,312.55,315.0,313.3,314.86,"1,340","4,21,916.20",13,"1,339",99.93
MAZDA,EQ,29-12-2016,313.3,325.65,326.4,314.95,322.0,320.3,318.07,968,"3,07,887.10",33,761,78.62
MAZDA,EQ,30-12-2016,320.3,323.0,330.0,323.0,330.0,329.45,329.27,563,"1,85,376.70",36,555,98.58
MAZDA,EQ,02-01-2017,329.45,339.4,340.0,334.95,335.0,339.6,338.16,587,"1,98,499.30",21,478,81.43
MAZDA,EQ,03-01-2017,339.6,326.0,340.0,311.95,335.75,337.35,334.75,277,"92,727.10",31,153,55.23
MAZDA,EQ,04-01-2017,337.35,335.0,335.75,332.95,335.75,334.35,335.35,104,"34,876.45",6,102,98.08
MAZDA,EQ,05-01-2017,334.35,339.05,339.05,337.9,339.0,337.95,338.01,534,"1,80,496.70",9,530,99.25
MAZDA,EQ,06-01-2017,337.95,327.45,335.0,323.0,329.95,330.1,327.63,"3,349","10,97,229.50",35,"3,086",92.15
MAZDA,EQ,09-01-2017,330.1,330.4,339.0,330.4,334.4,335.35,332.36,206,"68,466.00",16,201,97.57
MAZDA,EQ,10-01-2017,335.35,339.9,339.95,331.9,331.9,331.9,335.51,891,"2,98,943.50",19,807,90.57
MAZDA,EQ,11-01-2017,331.9,332.0,349.85,331.0,348.85,348.65,341.1,"2,724","9,29,170.00",76,"2,437",89.46
MAZDA,EQ,12-01-2017,348.65,347.8,347.95,330.0,335.95,335.9,333.5,"6,472","21,58,416.70",100,"3,672",56.74
MAZDA,EQ,13-01-2017,335.9,339.55,339.55,326.2,326.2,329.3,329.85,854,"2,81,694.85",37,658,77.05
MAZDA,EQ,17-01-2017,329.3,330.35,349.0,330.35,333.0,334.8,339.6,451,"1,53,157.50",31,192,42.57
MAZDA,EQ,18-01-2017,334.8,345.0,345.0,333.55,343.9,340.05,344.07,135,"46,450.00",12,123,91.11
MAZDA,EQ,19-01-2017,340.05,342.0,342.0,342.0,342.0,342.0,342.0,100,"34,200.00",1,100,100.0
MAZDA,EQ,20-01-2017,342.0,330.15,340.0,330.0,340.0,339.65,336.22,100,"33,621.80",9,54,54.0
MAZDA,EQ,23-01-2017,339.65,331.65,337.35,331.6,332.5,333.0,332.53,112,"37,242.85",6,59,52.68
MAZDA,EQ,24-01-2017,333.0,345.0,345.0,334.55,341.75,341.05,340.02,"15,156","51,53,344.25",15,"15,090",99.56
MAZDA,EQ,25-01-2017,341.05,344.0,345.0,329.8,336.95,336.35,333.4,"2,452","8,17,496.90",105,"1,751",71.41
MAZDA,EQ,27-01-2017,336.35,348.95,348.95,329.45,335.0,335.0,331.37,"6,199","20,54,176.15",54,"5,380",86.79
MAZDA,EQ,30-01-2017,335.0,336.75,365.2,335.0,340.0,339.9,341.29,"24,690","84,26,334.35",218,"22,236",90.06
MAZDA,EQ,31-01-2017,339.9,342.0,342.05,337.5,341.9,340.8,340.0,"1,004","3,41,361.45",40,993,98.9
MAZDA,EQ,01-02-2017,340.8,342.05,345.0,338.0,338.1,340.2,342.4,"2,192","7,50,541.80",77,"2,070",94.43
MAZDA,EQ,02-02-2017,340.2,338.1,341.0,337.65,338.5,339.5,339.54,"1,259","4,27,486.50",58,"1,223",97.14
MAZDA,EQ,03-02-2017,339.5,340.15,345.0,337.3,338.05,339.85,339.75,"8,700","29,55,800.00",141,"7,291",83.8
MAZDA,EQ,06-02-2017,339.85,329.85,332.7,311.45,328.5,327.05,328.0,"8,893","29,16,910.75",222,"7,709",86.69
MAZDA,EQ,07-02-2017,327.05,327.05,329.9,322.1,323.0,323.3,326.28,"2,088","6,81,265.05",77,"1,641",78.59
MAZDA,EQ,08-02-2017,323.3,325.0,327.5,321.0,323.0,323.0,323.87,"2,238","7,24,827.85",64,"1,958",87.49
MAZDA,EQ,09-02-2017,323.0,327.0,347.0,311.2,330.2,332.3,328.89,"3,735","12,28,414.30",150,"1,676",44.87
MAZDA,EQ,10-02-2017,332.3,338.9,338.95,330.0,333.0,332.95,332.19,"2,432","8,07,883.45",61,"1,842",75.74
MAZDA,EQ,13-02-2017,332.95,340.0,340.0,326.2,329.0,328.75,329.15,"1,171","3,85,440.20",39,990,84.54
MAZDA,EQ,14-02-2017,328.75,330.0,330.0,323.0,327.8,323.25,327.8,"2,843","9,31,943.80",72,"1,725",60.68
MAZDA,EQ,15-02-2017,323.25,329.65,329.8,320.0,320.0,320.15,322.36,"1,328","4,28,097.55",48,"1,213",91.34
MAZDA,EQ,16-02-2017,320.15,321.0,323.95,316.0,318.95,318.1,318.68,"2,747","8,75,400.55",84,"2,133",77.65
MAZDA,EQ,17-02-2017,318.1,317.55,323.65,316.95,318.0,319.4,318.96,"1,484","4,73,333.45",56,"1,014",68.33
MAZDA,EQ,20-02-2017,319.4,328.75,328.75,320.0,320.5,320.5,320.56,384,"1,23,095.50",17,326,84.9
MAZDA,EQ,21-02-2017,320.5,326.85,326.9,318.5,318.5,319.15,319.63,629,"2,01,049.15",41,475,75.52
MAZDA,EQ,22-02-2017,319.15,322.0,324.85,316.8,318.95,318.85,319.52,"1,241","3,96,524.05",48,"1,031",83.08
MAZDA,EQ,23-02-2017,318.85,323.25,323.3,317.0,317.0,317.0,319.05,902,"2,87,778.70",39,700,77.61
MAZDA,EQ,27-02-2017,317.0,316.0,317.4,314.0,315.0,315.0,315.04,900,"2,83,540.15",41,668,74.22
MAZDA,EQ,28-02-2017,315.0,313.15,318.45,311.65,315.05,315.05,314.63,"1,177","3,70,319.25",50,714,60.66
MAZDA,EQ,01-03-2017,315.05,314.0,325.0,312.1,318.0,318.6,322.38,"1,685","5,43,206.85",62,"1,502",89.14
MAZDA,EQ,02-03-2017,318.6,313.55,322.0,313.55,321.95,321.95,318.6,47,"14,974.25",8,37,78.72
MAZDA,EQ,03-03-2017,321.95,317.35,323.9,310.35,313.3,314.15,315.1,"2,019","6,36,183.30",114,778,38.53
MAZDA,EQ,06-03-2017,314.15,310.4,321.0,310.4,314.25,315.9,315.62,698,"2,20,300.90",60,454,65.04
MAZDA,EQ,07-03-2017,315.9,315.9,319.95,312.65,314.3,314.3,314.57,625,"1,96,604.00",41,334,53.44
MAZDA,EQ,08-03-2017,314.3,311.5,317.95,311.0,313.0,313.55,313.39,"1,487","4,66,007.00",76,"1,128",75.86
MAZDA,EQ,09-03-2017,313.55,316.8,316.8,309.3,309.3,310.45,312.13,671,"2,09,440.35",49,563,83.9
MAZDA,EQ,10-03-2017,310.45,322.9,338.0,314.25,319.25,319.25,318.82,"1,991","6,34,771.35",88,"1,391",69.86
MAZDA,EQ,14-03-2017,319.25,319.3,325.0,313.65,325.0,323.65,320.81,"2,034","6,52,528.60",91,"1,384",68.04
MAZDA,EQ,15-03-2017,323.65,315.0,329.5,315.0,326.9,325.5,316.77,"6,215","19,68,707.45",51,"6,184",99.5
MAZDA,EQ,16-03-2017,325.5,325.0,340.0,321.1,333.8,332.8,331.13,"4,095","13,55,982.20",143,"3,437",83.93
MAZDA,EQ,17-03-2017,332.8,336.0,336.0,324.95,327.0,325.6,328.44,891,"2,92,640.70",33,763,85.63
MAZDA,EQ,20-03-2017,325.6,324.2,332.95,324.2,326.5,326.6,328.06,"1,394","4,57,313.65",34,"1,207",86.59
MAZDA,EQ,21-03-2017,326.6,321.5,330.45,315.0,325.8,325.75,323.13,"5,754","18,59,264.55",77,390,6.78
MAZDA,EQ,22-03-2017,325.75,325.8,334.85,321.0,329.0,330.5,325.73,"4,897","15,95,113.90",99,770,15.72
MAZDA,EQ,23-03-2017,330.5,328.1,329.0,321.0,321.0,323.3,325.17,"9,327","30,32,902.30",101,"1,796",19.26
MAZDA,EQ,24-03-2017,323.3,325.85,326.0,316.1,322.0,321.35,321.59,"4,399","14,14,695.00",101,"3,373",76.68
MAZDA,EQ,27-03-2017,321.35,321.0,329.9,313.2,316.0,315.95,316.46,"2,721","8,61,083.70",72,"2,465",90.59
MAZDA,EQ,28-03-2017,315.95,319.0,319.3,314.15,315.0,315.0,315.28,"6,012","18,95,474.60",76,"5,490",91.32
MAZDA,EQ,29-03-2017,315.0,317.75,319.85,314.0,315.6,315.9,316.12,"3,465","10,95,364.15",56,"2,758",79.6
MAZDA,EQ,30-03-2017,315.9,315.5,319.9,315.5,317.0,316.6,318.47,541,"1,72,293.75",22,509,94.09
MAZDA,EQ,31-03-2017,316.6,316.5,324.5,316.0,316.5,317.45,320.57,"2,560","8,20,670.90",52,"2,301",89.88
MAZDA,EQ,03-04-2017,317.45,319.05,322.7,318.5,320.0,321.95,321.28,868,"2,78,867.90",33,735,84.68
MAZDA,EQ,05-04-2017,321.95,322.55,339.0,322.0,338.0,337.65,333.94,"6,924","23,12,226.80",301,"5,078",73.34
MAZDA,EQ,06-04-2017,337.65,337.65,339.95,323.1,333.0,332.6,330.2,"4,436","14,64,789.35",215,"2,862",64.52
MAZDA,EQ,07-04-2017,332.6,339.95,339.95,327.1,330.0,328.45,331.64,750,"2,48,726.75",60,462,61.6
MAZDA,EQ,10-04-2017,328.45,338.0,344.0,333.0,340.0,341.5,340.2,"3,023","10,28,420.95",89,"2,480",82.04
MAZDA,EQ,11-04-2017,341.5,332.05,345.0,332.0,344.25,343.65,342.69,"5,739","19,66,710.35",142,"5,220",90.96
MAZDA,EQ,12-04-2017,343.65,345.0,356.0,345.0,351.85,352.1,351.24,"4,701","16,51,166.45",114,"3,962",84.28
MAZDA,EQ,13-04-2017,352.1,354.95,364.0,352.0,364.0,362.0,359.36,"5,570","20,01,616.65",137,"4,455",79.98
MAZDA,EQ,17-04-2017,362.0,350.05,363.0,350.05,354.0,353.8,356.99,724,"2,58,457.75",40,541,74.72
MAZDA,EQ,18-04-2017,353.8,350.5,352.9,342.0,342.0,342.0,348.13,"1,018","3,54,392.90",49,855,83.99
MAZDA,EQ,19-04-2017,342.0,341.05,350.0,336.2,350.0,348.8,344.03,"2,168","7,45,854.80",113,"1,497",69.05
MAZDA,EQ,20-04-2017,348.8,357.45,357.45,340.05,340.05,341.0,347.78,790,"2,74,747.15",31,725,91.77
MAZDA,EQ,21-04-2017,341.0,342.95,350.95,337.0,337.0,337.6,341.37,"1,231","4,20,222.70",35,"1,105",89.76
MAZDA,EQ,24-04-2017,337.6,340.05,345.95,338.0,344.4,342.45,339.57,"2,195","7,45,362.55",27,"2,081",94.81
MAZDA,EQ,25-04-2017,342.45,334.0,343.0,334.0,341.0,340.15,339.15,"1,269","4,30,379.05",41,600,47.28
MAZDA,EQ,26-04-2017,340.15,346.0,346.0,330.0,332.0,332.0,336.83,"1,375","4,63,142.15",58,"1,023",74.4
MAZDA,EQ,27-04-2017,332.0,335.75,344.7,335.0,337.5,337.65,337.04,"1,554","5,23,759.60",55,"1,204",77.48
MAZDA,EQ,28-04-2017,337.65,338.1,345.4,338.1,344.0,343.4,342.39,"1,242","4,25,254.35",46,799,64.33
MAZDA,EQ,02-05-2017,343.4,338.05,342.95,336.05,342.95,340.0,338.92,"1,444","4,89,394.10",52,"1,077",74.58
MAZDA,EQ,03-05-2017,340.0,343.0,343.0,337.0,340.0,340.0,339.98,772,"2,62,465.00",32,708,91.71
MAZDA,EQ,04-05-2017,340.0,340.0,351.5,336.0,346.0,343.55,344.57,"9,674","33,33,361.95",147,"5,788",59.83
MAZDA,EQ,05-05-2017,343.55,341.25,348.95,340.25,341.6,342.25,346.03,"9,226","31,92,509.70",127,"5,212",56.49
MAZDA,EQ,08-05-2017,342.25,351.0,351.0,343.55,344.0,344.0,346.18,880,"3,04,638.75",24,718,81.59
MAZDA,EQ,09-05-2017,344.0,341.1,346.95,340.0,340.0,341.05,342.32,546,"1,86,905.55",66,482,88.28
MAZDA,EQ,10-05-2017,341.05,339.95,346.0,332.2,341.0,342.95,340.49,"3,755","12,78,524.10",127,"2,119",56.43
MAZDA,EQ,11-05-2017,342.95,343.0,349.0,337.0,340.7,344.9,344.24,"3,711","12,77,473.10",77,"2,507",67.56
MAZDA,EQ,12-05-2017,344.9,344.5,344.9,337.1,338.8,338.8,341.24,"7,453","25,43,277.65",182,"2,635",35.35
MAZDA,EQ,15-05-2017,338.8,337.45,345.0,337.45,339.85,340.2,341.21,"1,922","6,55,812.80",83,"1,145",59.57
MAZDA,EQ,16-05-2017,340.2,340.05,345.0,339.85,342.0,342.25,342.62,597,"2,04,541.80",58,476,79.73
MAZDA,EQ,17-05-2017,342.25,339.85,342.35,337.05,337.95,338.6,339.0,"2,059","6,97,997.80",85,"1,475",71.64
MAZDA,EQ,18-05-2017,338.6,337.5,343.05,335.15,337.0,337.25,341.25,"7,086","24,18,076.75",116,"4,214",59.47
MAZDA,EQ,19-05-2017,337.25,338.0,338.0,328.0,334.4,331.7,334.5,"2,371","7,93,090.25",89,"1,694",71.45
MAZDA,EQ,22-05-2017,331.7,332.1,342.0,331.4,342.0,338.85,337.23,"1,277","4,30,646.95",90,620,48.55
MAZDA,EQ,23-05-2017,338.85,331.05,340.0,325.0,334.0,334.0,337.33,"1,982","6,68,587.65",45,"1,020",51.46
MAZDA,EQ,24-05-2017,334.0,334.15,334.15,325.0,325.0,327.05,330.53,"2,131","7,04,360.70",62,"1,446",67.86
MAZDA,EQ,25-05-2017,327.05,333.05,333.05,325.5,327.0,328.75,330.61,"1,002","3,31,272.85",32,700,69.86
MAZDA,EQ,26-05-2017,328.75,334.0,340.0,333.0,334.0,334.15,336.59,"2,602","8,75,807.40",57,"1,849",71.06
MAZDA,EQ,29-05-2017,334.15,331.05,337.6,326.05,332.0,331.95,330.71,258,"85,324.05",36,165,63.95
MAZDA,EQ,30-05-2017,331.95,333.0,345.0,320.0,328.15,330.7,333.71,"4,859","16,21,506.85",203,"1,861",38.3
MAZDA,EQ,31-05-2017,330.7,335.8,339.95,324.95,327.9,327.75,329.84,"1,796","5,92,389.15",63,"1,442",80.29
MAZDA,EQ,01-06-2017,327.75,333.0,333.0,328.0,332.1,332.1,331.17,"1,197","3,96,412.45",38,"1,033",86.3
MAZDA,EQ,02-06-2017,332.1,325.35,334.85,325.35,328.25,330.6,328.87,"1,517","4,98,901.90",72,"1,142",75.28
MAZDA,EQ,05-06-2017,330.6,330.0,333.55,330.0,331.05,332.45,330.8,920,"3,04,333.50",25,859,93.37
MAZDA,EQ,06-06-2017,332.45,329.0,330.0,324.3,324.6,325.2,328.54,"1,576","5,17,775.25",42,"1,376",87.31
MAZDA,EQ,07-06-2017,325.2,324.75,337.5,324.75,325.05,326.3,326.11,753,"2,45,563.05",48,613,81.41
MAZDA,EQ,08-06-2017,326.3,326.1,329.85,326.1,326.55,326.65,327.88,500,"1,63,939.35",20,316,63.2
MAZDA,EQ,09-06-2017,326.65,327.95,329.95,323.1,328.0,324.9,326.4,"1,714","5,59,446.65",45,845,49.3
MAZDA,EQ,12-06-2017,324.9,321.05,324.0,311.0,321.0,320.35,321.26,"1,567","5,03,411.60",121,"1,111",70.9
MAZDA,EQ,13-06-2017,320.35,326.8,330.0,321.5,324.1,323.1,326.3,"1,139","3,71,656.10",55,691,60.67
MAZDA,EQ,14-06-2017,323.1,323.1,327.95,320.0,327.95,325.2,324.32,"1,417","4,59,561.80",46,874,61.68
MAZDA,EQ,15-06-2017,325.2,325.3,345.0,325.0,339.0,339.85,334.99,"1,768","5,92,262.75",83,"1,349",76.3
MAZDA,EQ,16-06-2017,339.85,340.95,340.95,335.7,339.0,338.5,337.55,974,"3,28,769.05",37,897,92.09
MAZDA,EQ,19-06-2017,338.5,333.05,341.4,333.05,339.95,340.0,338.43,746,"2,52,467.05",27,486,65.15
MAZDA,EQ,20-06-2017,340.0,340.5,346.0,340.5,346.0,345.45,344.04,"3,466","11,92,444.95",91,"3,176",91.63
MAZDA,EQ,21-06-2017,345.45,343.45,345.0,339.35,344.0,341.15,342.44,890,"3,04,773.80",36,810,91.01
MAZDA,EQ,22-06-2017,341.15,339.8,343.5,335.3,339.05,339.75,340.86,"3,707","12,63,556.75",77,"2,202",59.4
MAZDA,EQ,23-06-2017,339.75,344.5,344.5,333.5,335.0,336.05,334.67,833,"2,78,783.10",28,782,93.88
MAZDA,EQ,27-06-2017,336.05,337.0,341.0,332.85,340.0,337.9,338.65,"3,961","13,41,402.05",72,"1,955",49.36
MAZDA,EQ,28-06-2017,337.9,330.0,338.55,330.0,331.0,331.0,332.61,"2,037","6,77,525.05",56,"1,528",75.01
MAZDA,EQ,29-06-2017,331.0,332.0,338.85,326.0,328.0,326.35,332.25,484,"1,60,810.40",20,266,54.96
MAZDA,EQ,30-06-2017,326.35,328.0,340.0,326.0,336.3,336.3,331.13,288,"95,365.05",20,223,77.43
MAZDA,EQ,03-07-2017,336.3,323.0,341.45,323.0,333.35,333.8,333.93,"1,781","5,94,730.10",46,"1,286",72.21
MAZDA,EQ,04-07-2017,333.8,330.95,333.9,330.0,330.0,330.0,330.08,"1,731","5,71,374.00",17,"1,116",64.47
MAZDA,EQ,05-07-2017,330.0,336.0,342.7,330.0,331.7,332.85,333.75,"2,089","6,97,206.40",81,907,43.42
MAZDA,EQ,06-07-2017,332.85,335.05,340.0,335.0,335.0,339.75,338.42,817,"2,76,492.05",45,758,92.78
MAZDA,EQ,07-07-2017,339.75,341.95,341.95,334.1,341.0,339.55,338.42,"1,092","3,69,549.80",55,354,32.42
MAZDA,EQ,10-07-2017,339.55,336.5,341.0,332.0,335.8,335.3,335.71,70,"23,499.80",21,31,44.29
MAZDA,EQ,11-07-2017,335.3,335.0,364.0,331.0,350.0,350.35,347.84,"19,788","68,83,112.70",414,"8,055",40.71
MAZDA,EQ,12-07-2017,350.35,359.0,420.4,348.0,420.4,420.4,398.45,"3,30,644","13,17,45,987.30","8,598","64,121",19.39
MAZDA,EQ,13-07-2017,420.4,437.0,491.85,420.0,468.0,467.8,462.96,"9,20,803","42,62,92,420.40","29,879","1,10,025",11.95
MAZDA,EQ,14-07-2017,467.8,466.0,489.9,439.4,444.5,444.3,461.38,"2,89,830","13,37,20,332.60","13,215","56,745",19.58
MAZDA,EQ,17-07-2017,444.3,443.9,444.6,421.0,421.5,425.35,430.17,"45,025","1,93,68,498.55","2,591","16,044",35.63
MAZDA,EQ,18-07-2017,425.35,426.95,458.5,416.7,434.25,434.55,445.95,"1,17,868","5,25,63,364.20","6,885","24,831",21.07
MAZDA,EQ,19-07-2017,434.55,438.95,444.9,425.0,431.0,431.65,433.74,"28,364","1,23,02,632.90","1,387","13,133",46.3
MAZDA,EQ,20-07-2017,431.65,428.05,439.9,416.0,418.9,419.05,427.72,"18,618","79,63,204.85",932,"9,106",48.91
MAZDA,EQ,21-07-2017,419.05,420.0,426.0,411.9,422.0,418.7,419.43,"22,824","95,73,037.30","1,015","11,386",49.89
MAZDA,EQ,24-07-2017,418.7,416.05,447.0,410.3,423.7,423.8,434.11,"60,576","2,62,96,595.95","2,387","18,774",30.99
MAZDA,EQ,25-07-2017,423.8,421.05,426.1,415.0,418.0,416.95,419.93,"14,990","62,94,745.75",691,"7,921",52.84
MAZDA,EQ,26-07-2017,416.95,418.75,423.0,402.3,406.0,406.65,413.23,"20,612","85,17,549.45","1,104","9,636",46.75
MAZDA,EQ,27-07-2017,406.65,407.95,426.85,396.2,404.85,402.4,413.79,"43,039","1,78,09,055.85","1,976","11,936",27.73
MAZDA,EQ,28-07-2017,402.4,403.95,414.9,400.35,402.8,402.35,405.93,"17,193","69,79,139.80",961,"6,053",35.21
MAZDA,EQ,31-07-2017,402.35,406.95,409.0,395.25,395.3,396.4,402.53,"9,132","36,75,870.50",516,"2,994",32.79
MAZDA,EQ,01-08-2017,396.4,399.65,423.65,394.5,407.6,405.65,409.93,"47,097","1,93,06,380.80","1,944","10,604",22.52
MAZDA,EQ,02-08-2017,405.65,407.95,409.8,399.0,399.2,399.35,402.6,"13,495","54,33,093.10",518,"7,042",52.18
MAZDA,EQ,03-08-2017,399.35,401.5,403.5,391.65,396.0,396.9,398.39,"8,017","31,93,929.35",388,"3,022",37.69
MAZDA,EQ,04-08-2017,396.9,400.5,400.5,392.0,393.6,393.55,394.83,"9,054","35,74,774.95",460,"3,995",44.12
MAZDA,EQ,07-08-2017,393.55,396.25,405.0,386.0,390.0,388.45,394.11,"9,646","38,01,574.05",407,"3,535",36.65
MAZDA,EQ,08-08-2017,388.45,390.1,398.0,384.05,385.55,384.9,389.43,"8,360","32,55,632.30",312,"3,389",40.54
MAZDA,EQ,09-08-2017,384.9,377.25,383.55,360.0,367.0,366.2,372.23,"11,745","43,71,821.40",532,"5,753",48.98
MAZDA,EQ,10-08-2017,366.2,358.9,374.75,350.1,358.0,352.25,357.99,"13,180","47,18,328.35",537,"8,446",64.08
MAZDA,EQ,11-08-2017,352.25,347.05,353.0,337.9,346.0,345.0,345.38,"12,857","44,40,514.25",450,"7,808",60.73
MAZDA,EQ,14-08-2017,345.0,347.95,386.0,346.0,349.0,349.35,352.25,"12,523","44,11,242.35",425,"7,205",57.53
MAZDA,EQ,16-08-2017,349.35,344.05,357.6,344.05,353.1,353.05,352.3,"9,013","31,75,260.10",382,"4,961",55.04
MAZDA,EQ,17-08-2017,353.05,356.35,375.8,351.5,368.0,367.4,365.41,"15,961","58,32,242.60",687,"7,840",49.12
MAZDA,EQ,18-08-2017,367.4,366.95,378.05,360.1,369.2,370.6,370.57,"18,713","69,34,511.30",766,"6,472",34.59
MAZDA,EQ,21-08-2017,370.6,374.55,376.5,365.0,365.15,366.7,371.4,"4,405","16,36,005.75",269,"2,484",56.39
MAZDA,EQ,22-08-2017,366.7,371.25,374.55,360.0,364.0,362.3,365.22,"5,576","20,36,475.25",297,"1,627",29.18
MAZDA,EQ,23-08-2017,362.3,360.25,366.0,355.25,355.25,357.3,361.11,"5,267","19,01,960.45",343,"1,589",30.17
MAZDA,EQ,24-08-2017,357.3,357.45,362.55,355.8,356.0,357.8,358.76,"4,384","15,72,796.95",165,"1,800",41.06
MAZDA,EQ,28-08-2017,357.8,355.8,366.05,355.8,361.0,363.85,362.04,"3,425","12,39,986.55",188,"2,133",62.28
MAZDA,EQ,29-08-2017,363.85,365.0,367.0,346.05,356.0,354.95,357.98,"4,280","15,32,162.20",262,"2,378",55.56
MAZDA,EQ,30-08-2017,354.95,360.0,361.85,354.0,356.95,356.5,358.68,"3,075","11,02,937.00",79,"2,536",82.47
MAZDA,EQ,31-08-2017,356.5,357.05,384.0,356.7,376.0,377.05,375.55,"16,717","62,78,013.20",837,"7,348",43.96
MAZDA,EQ,01-09-2017,377.05,380.0,387.0,372.0,375.0,375.1,379.86,"10,703","40,65,624.25",360,"6,235",58.25
MAZDA,EQ,04-09-2017,375.1,376.25,379.7,366.0,366.3,367.85,372.43,"2,068","7,70,183.50",143,992,47.97
MAZDA,EQ,05-09-2017,367.85,362.1,390.0,362.1,387.7,386.55,376.62,"9,432","35,52,310.95",358,"5,185",54.97
MAZDA,EQ,06-09-2017,386.55,386.55,386.55,375.4,377.0,378.4,378.39,"6,177","23,37,306.50",283,"2,517",40.75
MAZDA,EQ,07-09-2017,378.4,386.9,386.9,378.35,380.1,380.9,383.57,"2,013","7,72,127.45",113,"1,613",80.13
MAZDA,EQ,08-09-2017,380.9,380.85,386.8,369.0,371.25,371.55,375.82,"5,436","20,42,955.45",359,"2,926",53.83
MAZDA,EQ,11-09-2017,371.55,367.75,380.6,355.1,361.9,362.45,365.15,"23,227","84,81,249.85",773,"12,226",52.64
MAZDA,EQ,12-09-2017,362.45,360.0,376.0,357.15,361.8,365.65,367.58,"45,347","1,66,68,853.75","1,001","28,350",62.52
MAZDA,EQ,13-09-2017,365.65,363.5,370.0,356.05,357.15,360.15,363.5,"5,151","18,72,369.85",206,"4,078",79.17
MAZDA,EQ,14-09-2017,360.15,360.0,368.0,357.6,359.05,359.7,362.49,"4,719","17,10,599.00",168,"2,929",62.07
MAZDA,EQ,15-09-2017,359.7,368.0,368.0,356.2,356.5,357.9,359.16,"8,553","30,71,880.05",154,"6,546",76.53
MAZDA,EQ,18-09-2017,357.9,366.95,367.0,348.0,350.05,350.7,353.9,"9,279","32,83,802.10",432,"6,574",70.85
MAZDA,EQ,19-09-2017,350.7,353.0,358.0,346.5,347.95,347.45,350.19,"8,987","31,47,168.30",364,"5,744",63.91
MAZDA,EQ,20-09-2017,347.45,346.0,366.0,345.05,360.0,359.0,357.77,"7,399","26,47,171.95",358,"4,555",61.56
MAZDA,EQ,21-09-2017,359.0,355.65,358.75,348.05,351.8,350.4,351.89,"6,818","23,99,209.85",232,"5,059",74.2
MAZDA,EQ,22-09-2017,350.4,355.0,355.3,345.0,345.55,346.4,351.2,"10,056","35,31,657.80",225,"5,322",52.92
MAZDA,EQ,25-09-2017,346.4,344.0,346.5,336.35,340.0,340.2,339.52,"11,148","37,84,986.70",231,"8,905",79.88
MAZDA,EQ,26-09-2017,340.2,340.0,348.0,336.75,345.0,345.0,344.25,"2,235","7,69,400.00",87,"1,565",70.02
MAZDA,EQ,27-09-2017,345.0,345.85,345.85,341.8,345.8,342.05,342.15,"1,340","4,58,483.95",28,"1,210",90.3
MAZDA,EQ,28-09-2017,342.05,344.0,353.95,340.0,343.9,342.5,344.13,"3,111","10,70,577.85",138,"2,441",78.46
MAZDA,EQ,29-09-2017,342.5,344.4,354.85,344.4,351.95,347.0,348.99,"3,151","10,99,678.15",136,"1,915",60.77
MAZDA,EQ,03-10-2017,347.0,357.0,357.0,343.0,343.0,344.65,349.01,"1,303","4,54,759.05",55,821,63.01
MAZDA,EQ,04-10-2017,344.65,349.0,352.0,343.5,347.05,348.0,348.32,"4,868","16,95,609.35",94,"3,950",81.14
MAZDA,EQ,05-10-2017,348.0,350.0,364.9,346.8,348.0,347.3,350.22,"3,039","10,64,318.20",193,"1,855",61.04
MAZDA,EQ,06-10-2017,347.3,351.75,361.85,348.6,355.0,353.1,355.42,"1,889","6,71,393.20",143,"1,050",55.58
MAZDA,EQ,09-10-2017,353.1,359.9,364.85,353.15,357.0,356.25,358.06,"2,310","8,27,120.20",132,"1,522",65.89
MAZDA,EQ,10-10-2017,356.25,357.0,361.95,353.95,358.5,356.65,357.8,"7,771","27,80,443.95",153,"5,632",72.47
MAZDA,EQ,11-10-2017,356.65,362.0,364.95,355.0,356.4,356.85,360.49,"4,180","15,06,861.10",149,"2,466",59.0
MAZDA,EQ,12-10-2017,356.85,390.0,428.2,390.0,428.2,428.2,416.33,"2,18,808","9,10,95,910.85","5,417","68,433",31.28
MAZDA,EQ,13-10-2017,428.2,445.15,452.6,406.0,409.0,411.1,429.79,"1,79,552","7,71,70,287.00","6,260","64,273",35.8
MAZDA,EQ,16-10-2017,411.1,410.0,431.8,408.05,412.0,412.3,417.67,"75,540","3,15,50,715.25","3,322","20,293",26.86
MAZDA,EQ,17-10-2017,412.3,412.3,422.3,409.0,410.75,411.35,414.51,"18,721","77,59,968.85",584,"7,105",37.95
MAZDA,EQ,18-10-2017,411.35,408.05,428.0,395.3,403.0,402.65,410.95,"44,070","1,81,10,768.80","1,262","16,474",37.38
MAZDA,EQ,19-10-2017,402.65,406.95,407.0,391.1,397.0,397.2,398.07,"7,162","28,50,961.90",173,"3,706",51.75
MAZDA,EQ,23-10-2017,397.2,399.0,402.95,380.2,382.1,387.6,392.44,"10,022","39,33,012.65",342,"6,393",63.79
MAZDA,EQ,24-10-2017,387.6,385.0,389.9,385.0,388.0,385.95,387.45,"4,924","19,07,791.40",282,"2,860",58.08
MAZDA,EQ,25-10-2017,385.95,386.0,425.0,382.0,405.2,407.35,410.84,"47,128","1,93,62,053.10","1,648","18,002",38.2
MAZDA,EQ,26-10-2017,407.35,410.9,410.9,401.0,407.0,406.35,405.58,"7,544","30,59,701.20",408,"5,136",68.08
MAZDA,EQ,27-10-2017,406.35,416.2,416.2,402.1,402.55,403.45,406.72,"8,040","32,70,021.40",350,"4,330",53.86
MAZDA,EQ,30-10-2017,403.45,404.0,411.7,396.0,396.15,397.9,403.25,"4,400","17,74,310.60",252,"2,905",66.02
MAZDA,EQ,31-10-2017,397.9,411.0,429.9,398.5,416.0,418.2,417.31,"51,612","2,15,38,272.40","1,266","22,441",43.48
MAZDA,EQ,01-11-2017,418.2,420.0,423.4,411.7,412.05,413.0,418.05,"17,507","73,18,732.55",466,"9,192",52.5
MAZDA,EQ,02-11-2017,413.0,410.35,420.0,405.0,409.9,406.9,412.05,"4,000","16,48,204.00",231,"2,632",65.8
MAZDA,EQ,03-11-2017,406.9,402.35,417.75,402.35,409.0,411.2,409.24,"10,078","41,24,336.05",409,"4,251",42.18
MAZDA,EQ,06-11-2017,411.2,405.05,419.0,402.15,402.15,404.6,407.23,"6,239","25,40,701.65",254,"4,074",65.3
MAZDA,EQ,07-11-2017,404.6,408.45,411.5,389.9,391.0,391.2,399.14,"7,008","27,97,157.35",344,"4,475",63.86
MAZDA,EQ,08-11-2017,391.2,402.95,402.95,377.0,382.1,383.75,387.17,"3,946","15,27,790.20",232,"2,632",66.7
MAZDA,EQ,09-11-2017,383.75,383.0,394.4,378.95,381.35,381.55,387.39,"7,940","30,75,844.30",325,"3,199",40.29
MAZDA,EQ,10-11-2017,381.55,375.35,386.0,375.15,375.15,376.8,378.99,"3,167","12,00,257.30",155,"2,566",81.02
MAZDA,EQ,13-11-2017,376.8,380.95,385.0,375.0,377.0,376.9,380.27,"3,583","13,62,506.75",129,"2,105",58.75
MAZDA,EQ,14-11-2017,376.9,370.15,381.85,369.95,373.0,373.7,374.46,"2,975","11,14,023.05",114,"2,063",69.34
MAZDA,EQ,15-11-2017,373.7,382.75,382.75,364.05,370.5,368.25,368.89,"6,786","25,03,300.85",306,"4,328",63.78
MAZDA,EQ,16-11-2017,368.25,379.9,379.95,360.5,371.95,372.0,372.17,"2,718","10,11,545.15",137,"1,879",69.13
MAZDA,EQ,17-11-2017,372.0,372.05,384.0,372.05,380.0,378.2,377.49,"6,881","25,97,474.35",258,"4,344",63.13
MAZDA,EQ,20-11-2017,378.2,383.05,388.0,379.3,380.65,380.9,382.75,"4,533","17,34,996.85",209,"1,872",41.3
MAZDA,EQ,21-11-2017,380.9,375.05,397.5,375.0,378.0,378.8,383.19,"10,609","40,65,216.80",239,"4,491",42.33
MAZDA,EQ,22-11-2017,378.8,380.0,387.3,375.6,376.0,380.0,381.05,"7,029","26,78,417.25",240,"3,526",50.16
MAZDA,EQ,23-11-2017,380.0,374.05,387.95,368.0,383.0,383.3,383.34,"2,447","9,38,040.25",207,"1,584",64.73
MAZDA,EQ,24-11-2017,383.3,383.0,395.0,383.0,394.0,393.85,391.64,"2,542","9,95,551.50",194,"1,750",68.84
MAZDA,EQ,27-11-2017,393.85,399.95,400.0,388.0,392.1,392.2,393.56,"10,665","41,97,289.05",351,"4,020",37.69
MAZDA,EQ,28-11-2017,392.2,391.05,406.0,391.05,393.0,396.25,396.91,"12,954","51,41,534.45",296,"7,052",54.44
MAZDA,EQ,29-11-2017,396.25,398.95,409.5,385.0,386.3,391.0,394.8,"7,246","28,60,707.20",261,"2,836",39.14
MAZDA,EQ,30-11-2017,391.0,385.05,396.5,380.0,385.0,386.1,386.05,"3,707","14,31,075.15",328,"2,319",62.56
MAZDA,EQ,01-12-2017,386.1,386.0,425.0,386.0,406.35,403.3,412.2,"35,314","1,45,56,511.45","1,299","21,752",61.6
MAZDA,EQ,04-12-2017,403.3,399.0,401.25,371.9,376.1,376.85,383.9,"46,534","1,78,64,177.15","1,348","16,108",34.62
MAZDA,EQ,05-12-2017,376.85,377.35,386.0,367.6,376.5,376.4,377.86,"16,191","61,18,002.00",575,"8,816",54.45
MAZDA,EQ,06-12-2017,376.4,371.0,380.5,366.2,369.65,368.5,371.98,"10,226","38,03,816.60",291,"6,805",66.55
MAZDA,EQ,07-12-2017,368.5,371.3,377.8,368.5,372.95,372.0,371.76,"7,300","27,13,861.35",227,"4,399",60.26
MAZDA,EQ,08-12-2017,372.0,372.55,378.0,371.6,374.0,374.05,374.8,"9,329","34,96,500.65",181,"4,102",43.97
MAZDA,EQ,11-12-2017,374.05,370.05,375.85,355.6,369.15,369.8,368.62,"16,771","61,82,044.10",619,"8,826",52.63
MAZDA,EQ,12-12-2017,369.8,365.05,376.95,365.05,370.6,371.15,371.98,"9,499","35,33,429.10",230,"5,568",58.62
MAZDA,EQ,13-12-2017,371.15,369.05,374.7,367.1,373.8,369.5,370.86,"2,799","10,38,046.30",173,"1,512",54.02
MAZDA,EQ,14-12-2017,369.5,367.85,369.8,365.1,369.45,366.9,367.0,"4,882","17,91,685.70",129,"3,380",69.23
MAZDA,EQ,15-12-2017,366.9,366.55,379.0,366.55,379.0,376.5,374.39,"7,232","27,07,606.75",203,"4,622",63.91
MAZDA,EQ,18-12-2017,376.5,379.95,382.4,361.0,375.35,375.5,377.53,"8,877","33,51,326.95",149,"5,573",62.78
MAZDA,EQ,19-12-2017,375.5,373.05,390.0,373.0,383.0,383.75,384.43,"7,338","28,20,970.35",222,"4,760",64.87
MAZDA,EQ,20-12-2017,383.75,383.0,385.95,380.15,382.0,382.0,382.79,"5,530","21,16,819.65",183,"3,968",71.75
MAZDA,EQ,21-12-2017,382.0,383.5,387.95,378.2,379.1,381.05,381.59,"19,604","74,80,599.15",210,"11,927",60.84
MAZDA,EQ,22-12-2017,381.05,382.0,387.1,380.05,380.05,380.35,382.0,"5,560","21,23,894.10",139,"4,474",80.47
MAZDA,EQ,26-12-2017,380.35,380.15,421.7,380.05,421.7,414.45,410.93,"65,822","2,70,48,364.70","1,804","32,039",48.68
MAZDA,EQ,27-12-2017,414.45,419.95,440.0,412.5,413.05,416.45,426.06,"1,10,406","4,70,39,960.15","2,553","44,943",40.71
MAZDA,EQ,28-12-2017,416.45,418.65,424.4,411.0,413.1,417.0,418.46,"27,355","1,14,46,987.95",687,"13,181",48.18
MAZDA,EQ,29-12-2017,417.0,421.45,426.05,415.0,416.8,416.25,420.21,"16,365","68,76,729.40",606,"7,339",44.85
MAZDA,EQ,01-01-2018,416.25,421.0,432.0,413.3,418.9,417.2,424.93,"31,386","1,33,36,871.10","1,067","11,205",35.7
MAZDA,EQ,02-01-2018,417.2,418.0,423.8,409.0,412.45,412.35,413.08,"11,643","48,09,509.00",316,"8,105",69.61
MAZDA,EQ,03-01-2018,412.35,417.05,422.75,404.1,406.0,406.5,410.04,"12,486","51,19,697.35",324,"6,264",50.17
MAZDA,EQ,04-01-2018,406.5,406.6,432.0,394.65,425.2,427.85,423.18,"41,289","1,74,72,805.75","1,520","17,309",41.92
MAZDA,EQ,05-01-2018,427.85,425.15,465.8,420.95,452.5,454.1,453.27,"1,19,602","5,42,12,118.85","3,109","67,229",56.21
MAZDA,EQ,08-01-2018,454.1,455.0,471.9,437.55,463.0,462.4,462.32,"1,37,009","6,33,41,346.50","1,995","83,965",61.28
MAZDA,EQ,09-01-2018,462.4,467.0,499.95,454.55,490.15,495.75,488.13,"2,27,409","11,10,04,912.60","4,933","97,331",42.8
MAZDA,EQ,10-01-2018,495.75,495.0,495.0,471.0,473.0,475.2,480.28,"66,985","3,21,71,296.75","1,546","43,759",65.33
MAZDA,EQ,11-01-2018,475.2,477.0,497.8,475.0,476.5,479.25,486.62,"49,473","2,40,74,792.90","1,241","23,032",46.55
MAZDA,EQ,12-01-2018,479.25,482.05,498.9,450.05,485.0,490.2,479.71,"1,11,353","5,34,16,792.45","2,228","67,310",60.45
MAZDA,EQ,15-01-2018,490.2,491.05,527.3,481.4,509.0,510.55,508.06,"1,42,165","7,22,27,965.50","3,600","64,998",45.72
MAZDA,EQ,16-01-2018,510.55,514.8,522.45,482.45,491.8,490.85,503.05,"47,399","2,38,44,107.60","1,756","20,698",43.67
MAZDA,EQ,17-01-2018,490.85,494.9,510.75,472.95,506.0,507.1,501.98,"63,045","3,16,47,237.45","1,476","41,141",65.26
MAZDA,EQ,18-01-2018,507.1,505.9,520.0,482.0,488.5,489.05,504.58,"29,374","1,48,21,614.05","1,050","17,828",60.69
MAZDA,EQ,19-01-2018,489.05,488.5,508.0,481.0,485.1,487.35,492.19,"15,772","77,62,873.25",696,"6,053",38.38
MAZDA,EQ,22-01-2018,487.35,487.0,496.5,481.5,483.5,486.35,489.09,"26,669","1,30,43,618.80",710,"9,805",36.77
MAZDA,EQ,23-01-2018,486.35,491.9,503.0,477.0,481.0,479.85,489.42,"25,403","1,24,32,670.40",644,"14,144",55.68
MAZDA,EQ,24-01-2018,479.85,485.0,485.0,470.5,470.5,473.45,477.63,"14,862","70,98,473.45",582,"6,929",46.62
MAZDA,EQ,25-01-2018,473.45,475.6,489.65,471.1,472.0,473.15,478.19,"14,993","71,69,449.95",494,"8,135",54.26
MAZDA,EQ,29-01-2018,473.15,474.15,485.8,465.2,467.1,467.5,475.21,"13,836","65,75,026.65",460,"6,677",48.26
MAZDA,EQ,30-01-2018,467.5,465.0,465.95,443.0,445.0,446.55,451.05,"10,408","46,94,570.35",448,"6,588",63.3
MAZDA,EQ,31-01-2018,446.55,444.85,456.0,422.55,429.15,432.3,435.31,"24,054","1,04,70,890.35",836,"6,963",28.95
MAZDA,EQ,01-02-2018,432.3,432.3,439.5,405.65,414.0,413.9,412.98,"62,979","2,60,08,908.80","1,292","46,279",73.48
MAZDA,EQ,02-02-2018,413.9,409.0,409.0,377.0,395.0,395.6,397.66,"39,379","1,56,59,436.70",665,"31,878",80.95
MAZDA,EQ,05-02-2018,395.6,383.5,385.4,372.7,376.0,376.4,378.12,"28,065","1,06,11,938.40","1,022","14,103",50.25
MAZDA,EQ,06-02-2018,376.4,354.95,374.5,352.05,365.0,366.25,362.05,"14,434","52,25,884.15",583,"6,340",43.92
MAZDA,EQ,07-02-2018,366.25,374.35,387.75,370.55,372.0,372.45,378.78,"15,357","58,16,958.20",529,"6,538",42.57
MAZDA,EQ,08-02-2018,372.45,375.75,403.5,375.75,390.1,391.15,392.66,"24,812","97,42,669.20","1,095","9,512",38.34
MAZDA,EQ,09-02-2018,391.15,376.0,392.35,375.95,383.0,384.35,385.58,"12,433","47,93,866.20",425,"6,139",49.38
MAZDA,EQ,12-02-2018,384.35,391.15,405.05,391.05,395.65,396.05,399.9,"8,389","33,54,781.95",310,"4,757",56.71
MAZDA,EQ,14-02-2018,396.05,396.0,406.9,384.0,389.6,389.55,398.0,"20,274","80,69,080.15",787,"9,926",48.96
MAZDA,EQ,15-02-2018,389.55,390.6,397.95,375.2,376.0,378.3,389.82,"14,765","57,55,691.65",467,"10,162",68.82
MAZDA,EQ,16-02-2018,378.3,380.6,389.0,371.2,378.8,375.9,378.16,"5,674","21,45,692.15",347,"2,211",38.97
MAZDA,EQ,19-02-2018,375.9,372.3,375.8,367.0,368.0,369.5,372.59,"7,770","28,94,986.75",305,"5,853",75.33
MAZDA,EQ,20-02-2018,369.5,369.45,392.2,368.5,378.2,377.0,385.15,"28,462","1,09,62,251.00","1,240","6,917",24.3
MAZDA,EQ,21-02-2018,377.0,384.05,384.15,377.0,381.7,379.65,380.08,"3,609","13,71,705.20",218,"1,092",30.26
MAZDA,EQ,22-02-2018,379.65,382.95,384.95,371.25,371.65,372.85,377.33,"14,187","53,53,120.80",468,"8,926",62.92
MAZDA,EQ,23-02-2018,372.85,376.15,393.7,376.15,380.1,379.2,383.09,"28,526","1,09,27,979.10",665,"15,930",55.84
MAZDA,EQ,26-02-2018,379.2,384.65,391.7,375.2,381.5,383.45,385.49,"16,758","64,60,073.25",534,"5,700",34.01
MAZDA,EQ,27-02-2018,383.45,386.5,386.5,374.25,376.85,376.25,377.88,"10,395","39,28,074.00",309,"7,962",76.59
MAZDA,EQ,28-02-2018,376.25,379.1,379.1,371.85,371.85,372.55,375.14,"12,163","45,62,803.05",345,"8,443",69.42
MAZDA,EQ,01-03-2018,372.55,380.1,380.1,373.3,373.3,374.0,375.15,"5,699","21,37,964.85",197,"3,442",60.4
MAZDA,EQ,05-03-2018,374.0,375.45,375.45,369.05,371.05,371.85,371.36,"15,181","56,37,689.60",221,"11,703",77.09
MAZDA,EQ,06-03-2018,371.85,377.65,377.65,368.5,368.5,370.5,371.32,"10,813","40,15,042.35",271,"8,160",75.46
MAZDA,EQ,07-03-2018,370.5,376.5,376.55,365.1,366.05,366.05,367.95,"8,416","30,96,653.20",186,"5,757",68.41
MAZDA,EQ,08-03-2018,366.05,369.7,374.0,365.0,368.75,366.45,367.53,"8,864","32,57,772.25",282,"5,422",61.17
MAZDA,EQ,09-03-2018,366.45,369.95,372.0,363.7,368.95,364.9,366.43,"3,594","13,16,956.40",119,"2,659",73.98
MAZDA,EQ,12-03-2018,364.9,371.7,371.7,361.0,368.0,364.8,364.95,"6,699","24,44,773.70",189,"5,219",77.91
MAZDA,EQ,13-03-2018,364.8,368.1,372.0,363.5,363.5,365.25,367.93,"5,119","18,83,450.40",220,"2,223",43.43
MAZDA,EQ,14-03-2018,365.25,367.0,369.95,360.05,364.0,364.9,364.5,"1,446","5,27,072.25",129,600,41.49
MAZDA,EQ,15-03-2018,364.9,365.4,374.0,362.4,372.8,372.0,368.95,"10,838","39,98,670.25",226,"9,251",85.36
MAZDA,EQ,16-03-2018,372.0,372.5,374.45,360.5,360.6,361.05,365.01,"10,285","37,54,098.50",443,"6,535",63.54
MAZDA,EQ,19-03-2018,361.05,363.7,363.75,350.0,353.0,352.0,354.62,"10,031","35,57,208.20",260,"8,053",80.28
MAZDA,EQ,20-03-2018,352.0,349.45,358.0,349.45,349.8,350.1,351.64,"10,404","36,58,429.80",280,"8,025",77.13
MAZDA,EQ,21-03-2018,350.1,358.25,358.25,347.0,348.95,348.4,350.23,"13,186","46,18,094.20",310,"10,805",81.94
MAZDA,EQ,22-03-2018,348.4,348.0,349.8,338.25,338.25,341.15,344.6,"6,117","21,07,942.90",299,"3,900",63.76
MAZDA,EQ,23-03-2018,341.15,335.65,337.4,325.05,327.0,326.5,330.33,"21,425","70,77,295.75",418,"16,887",78.82
MAZDA,EQ,26-03-2018,326.5,333.75,334.45,323.8,324.3,325.45,326.69,"13,743","44,89,759.15",212,"11,835",86.12
MAZDA,EQ,27-03-2018,325.45,331.0,343.0,328.3,343.0,342.4,335.49,"5,485","18,40,162.75",294,"3,391",61.82
MAZDA,EQ,28-03-2018,342.4,337.5,343.0,331.5,337.0,338.6,337.91,"6,473","21,87,274.85",187,"3,374",52.12
MAZDA,EQ,02-04-2018,338.6,340.0,367.9,339.0,358.5,357.8,349.31,"4,277","14,93,999.20",238,"2,671",62.45
MAZDA,EQ,03-04-2018,357.8,358.85,361.95,351.25,356.85,356.15,354.04,"4,003","14,17,218.75",113,"2,261",56.48
MAZDA,EQ,04-04-2018,356.15,361.55,361.55,346.0,347.5,348.55,353.11,"3,398","11,99,856.70",122,"2,006",59.03
MAZDA,EQ,05-04-2018,348.55,360.65,361.8,350.05,350.05,354.8,355.04,"10,163","36,08,254.00",255,"6,497",63.93
MAZDA,EQ,06-04-2018,354.8,356.0,363.8,353.95,363.05,361.9,359.65,"3,775","13,57,681.55",230,"2,492",66.01
MAZDA,EQ,09-04-2018,361.9,359.0,366.15,352.0,352.0,352.65,357.51,"8,298","29,66,655.75",307,"5,479",66.03
MAZDA,EQ,10-04-2018,352.65,356.45,358.85,353.3,356.15,356.15,356.7,"2,303","8,21,479.15",130,"1,200",52.11
MAZDA,EQ,11-04-2018,356.15,352.65,361.3,352.55,355.0,356.35,356.46,451,"1,60,762.35",58,192,42.57
MAZDA,EQ,12-04-2018,356.35,353.0,367.2,352.7,366.0,364.45,360.8,"3,789","13,67,075.50",170,"2,794",73.74
MAZDA,EQ,13-04-2018,364.45,374.0,424.0,363.0,402.6,405.9,402.51,"1,31,433","5,29,02,467.60","4,802","31,851",24.23
MAZDA,EQ,16-04-2018,405.9,395.0,413.7,388.05,390.5,394.65,401.92,"29,871","1,20,05,861.75","1,405","9,105",30.48
MAZDA,EQ,17-04-2018,394.65,395.8,408.0,393.2,396.9,395.45,400.33,"14,089","56,40,202.35",676,"8,610",61.11
MAZDA,EQ,18-04-2018,395.45,401.0,403.6,395.75,399.0,396.9,397.59,"5,522","21,95,479.70",381,"3,294",59.65
MAZDA,EQ,19-04-2018,396.9,399.25,403.95,395.0,399.0,398.8,398.93,"1,327","5,29,374.05",128,447,33.69
MAZDA,EQ,20-04-2018,398.8,399.4,399.4,386.2,394.5,390.65,392.32,"3,583","14,05,675.55",239,"2,483",69.3
MAZDA,EQ,23-04-2018,390.65,392.0,398.0,388.0,390.1,392.7,393.15,"4,944","19,43,740.85",238,"2,687",54.35
MAZDA,EQ,24-04-2018,392.7,395.2,397.0,389.0,391.5,391.25,391.36,"9,643","37,73,919.55",359,"6,724",69.73
MAZDA,EQ,25-04-2018,391.25,393.05,398.2,390.1,391.0,390.5,392.44,"5,988","23,49,903.80",189,"3,911",65.31
MAZDA,EQ,26-04-2018,390.5,391.6,395.95,383.0,383.2,383.8,388.06,"6,313","24,49,804.10",238,"5,069",80.29
MAZDA,EQ,27-04-2018,383.8,387.5,389.9,383.0,386.0,384.9,386.36,"3,177","12,27,477.10",253,"1,220",38.4
MAZDA,EQ,30-04-2018,384.9,387.55,412.5,387.5,406.4,407.05,404.96,"21,226","85,95,609.40",793,"10,524",49.58
MAZDA,EQ,02-05-2018,407.05,409.4,409.5,395.0,398.0,396.4,401.34,"10,082","40,46,264.95",511,"5,438",53.94
MAZDA,EQ,03-05-2018,396.4,398.0,398.0,384.0,387.95,385.8,390.2,"4,443","17,33,650.70",264,"3,587",80.73
MAZDA,EQ,04-05-2018,385.8,393.35,393.35,384.0,387.0,385.85,385.92,"2,105","8,12,361.90",121,944,44.85
MAZDA,EQ,07-05-2018,385.85,384.95,393.5,380.0,387.9,385.75,385.05,"2,198","8,46,338.55",148,"1,226",55.78
MAZDA,EQ,08-05-2018,385.75,395.9,395.95,386.55,386.55,387.6,389.71,843,"3,28,526.80",43,455,53.97
MAZDA,EQ,09-05-2018,387.6,391.1,391.1,378.0,380.0,379.3,381.2,"7,453","28,41,101.30",201,"6,486",87.03
MAZDA,EQ,10-05-2018,379.3,385.95,387.0,376.0,376.0,376.45,380.55,"2,388","9,08,764.45",196,"1,073",44.93
MAZDA,EQ,11-05-2018,376.45,379.9,379.9,373.0,373.05,373.25,374.45,"1,435","5,37,339.60",37,"1,349",94.01
MAZDA,EQ,14-05-2018,373.25,374.05,388.4,371.1,382.8,380.8,380.52,"6,992","26,60,572.20",246,"5,967",85.34
MAZDA,EQ,15-05-2018,380.8,379.95,380.25,369.95,371.0,371.3,373.65,"4,565","17,05,718.10",120,"4,245",92.99
MAZDA,EQ,16-05-2018,371.3,367.0,374.75,362.0,371.0,372.1,367.67,"2,158","7,93,429.30",94,"1,970",91.29
MAZDA,EQ,17-05-2018,372.1,372.95,373.95,366.95,369.0,368.95,369.58,"1,771","6,54,523.25",77,"1,256",70.92
MAZDA,EQ,18-05-2018,368.95,365.25,372.95,365.05,368.0,368.25,369.73,"4,721","17,45,479.60",33,"3,851",81.57
MAZDA,EQ,21-05-2018,368.25,367.95,367.95,344.15,347.5,348.5,353.96,"10,772","38,12,849.60",240,"8,968",83.25
MAZDA,EQ,22-05-2018,348.5,347.5,350.5,342.1,347.0,347.9,347.26,274,"95,150.40",27,200,72.99
MAZDA,EQ,23-05-2018,347.9,354.9,359.6,345.0,350.85,346.3,352.14,"9,116","32,10,140.10",187,"6,416",70.38
MAZDA,EQ,24-05-2018,346.3,349.95,354.0,341.55,342.0,342.7,347.62,"7,032","24,44,433.55",142,"4,728",67.24
MAZDA,EQ,25-05-2018,342.7,348.95,349.35,344.95,346.0,347.9,347.85,945,"3,28,720.50",52,866,91.64
MAZDA,EQ,28-05-2018,347.9,348.9,358.5,348.1,355.0,354.85,355.35,"2,527","8,97,965.50",87,"1,647",65.18
MAZDA,EQ,29-05-2018,354.85,363.55,372.0,345.6,350.65,349.75,360.79,"7,328","26,43,901.75",256,"4,441",60.6
MAZDA,EQ,30-05-2018,349.75,359.8,374.0,350.1,365.0,361.6,364.59,"5,001","18,23,311.00",255,"2,927",58.53
MAZDA,EQ,31-05-2018,361.6,367.0,367.0,361.7,362.0,362.65,363.25,"2,658","9,65,527.90",90,"2,057",77.39
MAZDA,EQ,01-06-2018,362.65,362.7,365.0,352.5,352.5,357.05,356.89,"3,348","11,94,853.85",93,"2,596",77.54
MAZDA,EQ,04-06-2018,357.05,364.25,364.3,340.0,341.0,340.65,348.2,"1,772","6,17,015.55",125,"1,295",73.08
MAZDA,EQ,05-06-2018,340.65,334.0,350.1,333.0,340.0,339.85,339.56,"1,717","5,83,026.20",112,"1,185",69.02
MAZDA,EQ,06-06-2018,339.85,338.15,352.0,331.5,350.0,350.7,343.67,"1,323","4,54,677.70",78,686,51.85
MAZDA,EQ,07-06-2018,350.7,353.95,363.55,347.95,358.5,359.4,356.45,"5,496","19,59,065.30",161,"4,382",79.73
MAZDA,EQ,08-06-2018,359.4,360.85,367.0,351.55,360.0,360.15,361.46,"1,064","3,84,592.70",76,808,75.94
MAZDA,EQ,11-06-2018,360.15,370.25,371.0,359.75,361.0,361.05,361.23,"3,469","12,53,102.35",117,"2,673",77.05
MAZDA,EQ,12-06-2018,361.05,360.55,367.0,356.0,361.5,361.3,361.32,"5,003","18,07,700.20",115,"3,730",74.56
MAZDA,EQ,13-06-2018,361.3,370.95,370.95,358.15,364.0,363.8,364.73,"1,150","4,19,438.55",45,784,68.17
MAZDA,EQ,14-06-2018,363.8,360.95,365.75,354.15,363.0,362.45,360.4,889,"3,20,399.05",81,454,51.07
MAZDA,EQ,15-06-2018,362.45,360.0,360.0,355.0,355.0,355.15,356.2,234,"83,351.25",21,229,97.86
MAZDA,EQ,18-06-2018,355.15,365.95,365.95,352.7,354.9,354.9,354.92,581,"2,06,208.55",30,364,62.65
MAZDA,EQ,19-06-2018,354.9,351.0,352.45,341.5,345.95,344.6,346.09,"1,417","4,90,406.40",99,862,60.83
MAZDA,EQ,20-06-2018,344.6,348.0,349.5,344.05,344.05,345.2,346.66,"1,791","6,20,866.60",75,"1,039",58.01
MAZDA,EQ,21-06-2018,345.2,358.9,359.05,347.5,347.5,347.5,352.21,791,"2,78,596.65",57,611,77.24
MAZDA,EQ,22-06-2018,347.5,350.0,350.0,340.1,340.1,343.75,345.43,"1,715","5,92,411.65",54,"1,436",83.73
MAZDA,EQ,25-06-2018,343.75,348.75,349.9,340.0,340.0,340.7,341.67,"4,046","13,82,397.15",47,"3,896",96.29
MAZDA,EQ,26-06-2018,340.7,337.15,346.9,337.05,339.1,342.05,339.3,"1,448","4,91,310.90",81,"1,031",71.2
MAZDA,EQ,27-06-2018,342.05,338.95,343.85,324.0,329.0,327.3,333.02,"3,360","11,18,937.45",96,"2,802",83.39
MAZDA,EQ,28-06-2018,327.3,329.0,332.0,322.2,323.3,323.65,325.03,"7,960","25,87,253.55",114,"3,708",46.58
MAZDA,EQ,29-06-2018,323.65,325.0,333.3,324.5,330.0,330.5,329.34,"10,767","35,45,970.15",158,"4,516",41.94
MAZDA,EQ,02-07-2018,330.5,333.6,333.6,325.0,325.05,328.1,327.78,"6,304","20,66,323.25",133,"3,800",60.28
MAZDA,EQ,03-07-2018,328.1,335.85,335.85,326.05,327.0,327.15,327.93,322,"1,05,592.25",28,269,83.54
MAZDA,EQ,04-07-2018,327.15,325.5,332.8,323.1,332.8,329.9,327.75,825,"2,70,395.70",39,416,50.42
MAZDA,EQ,05-07-2018,329.9,327.25,338.7,327.0,337.4,335.5,335.27,"2,166","7,26,186.85",100,"1,374",63.43
MAZDA,EQ,06-07-2018,335.5,338.65,339.45,329.15,334.0,337.45,335.93,"2,155","7,23,929.80",97,983,45.61
MAZDA,EQ,09-07-2018,337.45,340.9,342.0,335.0,337.0,338.65,340.52,"2,842","9,67,768.70",96,"2,515",88.49
MAZDA,EQ,10-07-2018,338.65,359.0,359.0,337.35,347.6,345.1,347.85,"4,845","16,85,314.60",236,"1,657",34.2
MAZDA,EQ,11-07-2018,345.1,351.75,351.8,343.0,350.0,349.6,347.08,"5,900","20,47,779.10",58,"5,759",97.61
MAZDA,EQ,12-07-2018,349.6,349.45,358.25,340.0,357.0,353.45,352.32,"1,894","6,67,288.35",102,"1,230",64.94
MAZDA,EQ,13-07-2018,353.45,355.0,355.0,341.0,342.1,342.7,345.91,908,"3,14,089.95",69,197,21.7
MAZDA,EQ,16-07-2018,342.7,338.55,342.5,332.4,335.45,338.0,336.9,"2,547","8,58,078.70",90,"1,363",53.51
MAZDA,EQ,17-07-2018,338.0,332.0,339.8,332.0,339.8,337.9,334.49,"1,640","5,48,564.00",25,"1,227",74.82
MAZDA,EQ,18-07-2018,337.9,334.55,339.9,321.55,325.0,325.1,332.38,"2,113","7,02,319.70",95,"1,633",77.28
MAZDA,EQ,19-07-2018,325.1,329.95,330.0,326.0,329.0,328.9,327.36,592,"1,93,799.20",23,581,98.14
MAZDA,EQ,20-07-2018,328.9,331.7,338.0,329.0,336.0,335.55,333.86,"1,053","3,51,554.35",33,731,69.42
MAZDA,EQ,23-07-2018,335.55,336.05,336.05,329.0,330.0,331.3,330.25,244,"80,580.40",19,233,95.49
MAZDA,EQ,24-07-2018,331.3,335.05,339.0,329.9,339.0,336.0,332.04,"4,872","16,17,694.15",128,"3,757",77.11
MAZDA,EQ,25-07-2018,336.0,343.7,343.7,335.15,339.9,337.15,339.87,248,"84,286.90",36,176,70.97
MAZDA,EQ,26-07-2018,337.15,333.6,340.8,333.6,335.0,336.4,336.34,717,"2,41,156.60",25,393,54.81
MAZDA,EQ,27-07-2018,336.4,336.35,343.75,335.9,341.4,340.6,339.43,"3,319","11,26,557.00",94,"1,660",50.02
MAZDA,EQ,30-07-2018,340.6,346.4,397.0,346.4,353.0,353.45,354.43,"5,633","19,96,520.30",259,"3,321",58.96
MAZDA,EQ,31-07-2018,353.45,348.05,382.0,348.0,366.5,368.1,367.8,"6,241","22,95,424.95",209,"4,167",66.77
MAZDA,EQ,01-08-2018,368.1,371.75,371.95,360.0,360.8,364.75,363.25,"1,031","3,74,513.55",71,715,69.35
MAZDA,EQ,02-08-2018,364.75,360.0,368.0,352.5,365.0,364.25,363.46,"2,006","7,29,106.70",103,"1,599",79.71
MAZDA,EQ,03-08-2018,364.25,360.1,367.9,357.5,360.0,359.25,361.06,"1,264","4,56,383.85",46,"1,153",91.22
MAZDA,EQ,06-08-2018,359.25,358.0,369.8,358.0,364.95,365.0,365.63,"4,067","14,87,036.05",88,"3,514",86.4
MAZDA,EQ,07-08-2018,365.0,365.0,367.0,359.8,364.95,364.95,364.05,861,"3,13,449.45",42,685,79.56
MAZDA,EQ,08-08-2018,364.95,364.95,369.95,352.3,352.55,354.45,360.26,"3,769","13,57,827.35",130,"2,177",57.76
MAZDA,EQ,09-08-2018,354.45,355.65,363.75,355.6,363.65,358.55,358.11,277,"99,197.20",36,173,62.45
MAZDA,EQ,10-08-2018,358.55,358.55,365.0,356.6,363.7,361.55,361.45,"2,474","8,94,226.10",138,"2,049",82.82
MAZDA,EQ,13-08-2018,361.55,357.0,360.0,354.0,359.0,358.6,358.12,"2,186","7,82,856.20",53,"2,014",92.13
MAZDA,EQ,14-08-2018,358.6,358.0,362.95,350.1,353.8,353.7,355.72,"2,348","8,35,219.20",148,"1,365",58.13
MAZDA,EQ,16-08-2018,353.7,355.35,356.95,344.0,346.0,346.9,347.8,"2,020","7,02,552.20",126,"1,690",83.66
MAZDA,EQ,17-08-2018,346.9,345.05,351.0,343.6,350.7,348.0,348.83,"2,559","8,92,665.45",60,"1,967",76.87
MAZDA,EQ,20-08-2018,348.0,355.15,357.0,347.1,347.1,349.85,350.83,491,"1,72,255.60",49,393,80.04
MAZDA,EQ,21-08-2018,349.85,346.0,356.85,346.0,349.0,348.5,349.52,"4,099","14,32,702.85",44,"2,223",54.23
MAZDA,EQ,23-08-2018,348.5,347.0,351.95,341.0,342.0,344.7,344.79,"7,305","25,18,673.70",132,"6,455",88.36
MAZDA,EQ,24-08-2018,344.7,351.9,351.9,342.5,343.35,343.45,346.97,"4,483","15,55,477.40",152,"3,881",86.57
MAZDA,EQ,27-08-2018,343.45,343.7,362.9,343.65,356.55,357.3,354.67,"6,292","22,31,608.65",226,"4,660",74.06
MAZDA,EQ,28-08-2018,357.3,357.3,358.0,351.0,358.0,353.25,353.25,"2,170","7,66,546.85",89,"1,267",58.39
MAZDA,EQ,29-08-2018,353.25,346.1,365.0,346.1,365.0,364.5,362.46,"7,969","28,88,438.55",176,"7,251",90.99
MAZDA,EQ,30-08-2018,364.5,359.5,363.95,355.2,362.0,361.9,358.45,"1,190","4,26,550.90",55,"1,118",93.95
MAZDA,EQ,31-08-2018,361.9,355.25,369.0,355.2,360.0,361.05,362.49,"1,846","6,69,162.95",112,"1,266",68.58
MAZDA,EQ,03-09-2018,361.05,361.0,371.0,360.0,364.1,360.45,363.45,"3,223","11,71,390.40",85,"2,828",87.74
MAZDA,EQ,04-09-2018,360.45,360.0,363.9,355.05,361.0,360.95,357.26,"4,741","16,93,786.90",66,"4,208",88.76
MAZDA,EQ,05-09-2018,360.95,355.0,363.0,347.0,355.5,357.3,351.44,"4,242","14,90,813.90",187,"3,608",85.05
MAZDA,EQ,06-09-2018,357.3,363.2,364.0,360.0,364.0,361.35,360.74,"1,285","4,63,546.55",56,869,67.63
MAZDA,EQ,07-09-2018,361.35,361.0,367.85,360.0,360.0,360.1,362.63,"2,014","7,30,340.80",65,"1,522",75.57
MAZDA,EQ,10-09-2018,360.1,373.05,388.5,365.0,373.7,372.6,375.98,"11,385","42,80,503.80",523,"7,035",61.79
MAZDA,EQ,11-09-2018,372.6,375.0,375.0,362.0,362.2,362.1,367.42,"4,530","16,64,394.10",178,"3,235",71.41
MAZDA,EQ,12-09-2018,362.1,363.05,364.45,355.05,363.7,362.35,358.37,"9,989","35,79,753.05",79,"9,449",94.59
MAZDA,EQ,14-09-2018,362.35,365.0,367.05,358.6,360.65,362.6,364.25,"7,685","27,99,260.25",112,"6,789",88.34
MAZDA,EQ,17-09-2018,362.6,362.05,362.05,355.0,356.1,356.55,356.01,"3,042","10,82,977.40",65,"2,776",91.26
MAZDA,EQ,18-09-2018,356.55,359.05,377.9,356.65,373.0,374.15,371.57,"18,591","69,07,817.70",277,"17,114",92.06
MAZDA,EQ,19-09-2018,374.15,379.9,384.0,359.05,366.0,365.5,374.58,"4,115","15,41,384.00",174,"2,161",52.52
MAZDA,EQ,21-09-2018,365.5,372.0,372.0,327.0,360.0,351.0,351.16,"5,013","17,60,384.30",126,"3,260",65.03
MAZDA,EQ,24-09-2018,351.0,351.1,351.15,336.0,345.9,340.8,344.04,"2,740","9,42,672.30",96,"2,392",87.3
MAZDA,EQ,25-09-2018,340.8,346.0,346.0,337.5,340.0,338.55,339.9,"3,221","10,94,822.20",50,"3,117",96.77
MAZDA,EQ,26-09-2018,338.55,341.1,346.95,339.5,346.0,346.05,343.24,"3,066","10,52,371.80",63,"2,644",86.24
MAZDA,EQ,27-09-2018,346.05,346.0,354.0,346.0,348.0,348.25,350.67,"13,156","46,13,390.10",96,"12,583",95.64
MAZDA,EQ,28-09-2018,348.25,351.0,351.0,334.3,343.5,339.55,341.16,846,"2,88,619.80",52,645,76.24
MAZDA,EQ,01-10-2018,339.55,339.3,344.95,327.0,339.0,340.05,338.92,"2,235","7,57,491.95",64,"1,883",84.25
MAZDA,EQ,03-10-2018,340.05,335.25,343.95,335.0,335.1,337.75,337.57,"1,356","4,57,747.40",50,867,63.94
MAZDA,EQ,04-10-2018,337.75,337.6,342.95,335.0,342.85,339.4,338.77,577,"1,95,472.00",35,560,97.05
MAZDA,EQ,05-10-2018,339.4,335.2,343.95,332.25,340.0,339.9,338.33,"6,388","21,61,266.05",70,"6,212",97.24
MAZDA,EQ,08-10-2018,339.9,332.65,337.5,330.0,335.0,330.95,333.76,"2,077","6,93,210.65",48,"1,872",90.13
MAZDA,EQ,09-10-2018,330.95,335.0,339.0,325.1,330.0,333.7,333.36,"2,812","9,37,397.30",81,"1,806",64.22
MAZDA,EQ,10-10-2018,333.7,335.0,339.0,332.05,332.05,335.15,335.53,"1,318","4,42,225.10",41,"1,267",96.13
MAZDA,EQ,11-10-2018,335.15,339.0,339.0,322.0,328.5,328.75,328.13,"4,412","14,47,711.35",90,"3,525",79.9
MAZDA,EQ,12-10-2018,328.75,331.05,347.0,331.05,344.8,342.8,339.15,"1,042","3,53,399.50",48,935,89.73
MAZDA,EQ,15-10-2018,342.8,336.2,342.8,336.0,342.8,342.55,340.6,"1,234","4,20,299.55",30,927,75.12
MAZDA,EQ,16-10-2018,342.55,342.55,353.9,335.6,342.75,343.45,344.58,"1,990","6,85,706.00",53,"1,226",61.61
MAZDA,EQ,17-10-2018,343.45,343.5,349.0,331.0,335.25,334.65,338.36,"6,192","20,95,139.10",240,"2,818",45.51
MAZDA,EQ,19-10-2018,334.65,336.0,340.05,332.0,337.0,339.4,338.05,"3,852","13,02,160.00",98,"3,102",80.53
MAZDA,EQ,22-10-2018,339.4,343.0,343.0,330.1,334.95,332.8,335.64,89,"29,872.35",18,31,34.83
MAZDA,EQ,23-10-2018,332.8,335.0,335.0,326.1,330.0,328.4,332.57,"3,855","12,82,073.50",50,"3,565",92.48
MAZDA,EQ,24-10-2018,328.4,328.0,341.95,328.0,337.1,339.4,337.97,798,"2,69,699.40",37,661,82.83
MAZDA,EQ,25-10-2018,339.4,339.0,339.0,325.35,326.05,326.75,329.19,"2,351","7,73,914.90",80,"1,682",71.54
MAZDA,EQ,26-10-2018,326.75,329.95,329.95,309.3,316.95,314.6,316.19,"2,394","7,56,965.30",168,"1,438",60.07
MAZDA,EQ,29-10-2018,314.6,316.05,339.0,315.95,331.5,330.1,326.78,"1,693","5,53,241.60",104,"1,220",72.06
MAZDA,EQ,30-10-2018,330.1,321.15,334.85,315.0,315.0,315.7,321.55,"3,275","10,53,087.45",116,"2,352",71.82
MAZDA,EQ,31-10-2018,315.7,315.75,327.5,313.0,327.5,324.6,323.17,"2,317","7,48,789.35",75,"2,185",94.3
MAZDA,EQ,01-11-2018,324.6,324.0,330.0,322.0,330.0,326.85,327.24,"4,033","13,19,772.60",66,"3,972",98.49
MAZDA,EQ,02-11-2018,326.85,325.5,334.0,320.05,321.25,323.8,326.68,"7,127","23,28,231.20",337,"4,709",66.07
MAZDA,EQ,05-11-2018,323.8,320.1,326.5,316.05,326.5,320.7,319.53,"3,472","11,09,402.55",101,"2,520",72.58
MAZDA,EQ,06-11-2018,320.7,326.95,326.95,319.6,323.95,320.75,321.75,146,"46,975.00",21,75,51.37
MAZDA,EQ,07-11-2018,320.75,325.0,328.6,324.8,325.0,325.3,325.48,"1,852","6,02,788.80",29,"1,607",86.77
MAZDA,EQ,09-11-2018,325.3,320.1,328.45,320.1,326.0,325.95,323.19,"5,866","18,95,810.90",105,"4,314",73.54
MAZDA,EQ,12-11-2018,325.95,326.0,328.15,323.2,323.2,323.2,325.16,514,"1,67,133.05",18,510,99.22
MAZDA,EQ,13-11-2018,323.2,320.0,323.0,317.05,321.1,319.95,320.16,"4,348","13,92,047.35",272,"3,519",80.93
MAZDA,EQ,14-11-2018,319.95,323.35,323.4,311.2,315.0,312.75,318.59,"3,003","9,56,721.70",220,"2,260",75.26
MAZDA,EQ,15-11-2018,312.75,317.95,317.95,310.05,313.0,313.45,314.51,"3,094","9,73,086.90",57,"2,386",77.12
MAZDA,EQ,16-11-2018,313.45,313.4,319.25,306.0,308.0,307.1,311.45,"3,409","10,61,738.30",179,"3,045",89.32
MAZDA,EQ,19-11-2018,307.1,320.0,320.0,308.0,308.0,308.75,311.99,"1,295","4,04,029.70",67,"1,019",78.69
MAZDA,EQ,20-11-2018,308.75,311.65,311.95,303.05,305.0,304.95,306.45,"1,775","5,43,944.65",118,"1,232",69.41
MAZDA,EQ,21-11-2018,304.95,305.0,306.0,296.0,305.5,303.75,300.69,777,"2,33,638.40",74,486,62.55
MAZDA,EQ,22-11-2018,303.75,298.65,313.9,295.4,297.0,298.05,301.3,929,"2,79,905.25",107,475,51.13
MAZDA,EQ,26-11-2018,298.05,298.85,299.7,286.0,287.95,287.1,288.35,"2,725","7,85,761.80",143,"2,005",73.58
MAZDA,EQ,27-11-2018,287.1,286.0,286.5,271.95,273.5,273.65,275.77,"3,789","10,44,874.05",346,"2,739",72.29
MAZDA,EQ,28-11-2018,273.65,273.05,300.0,269.95,300.0,296.85,287.14,"5,211","14,96,303.45",399,"3,175",60.93
MAZDA,EQ,29-11-2018,296.85,290.05,300.0,283.6,295.0,297.3,290.84,"3,160","9,19,057.70",228,"1,456",46.08
MAZDA,EQ,30-11-2018,297.3,297.5,305.0,285.2,294.8,292.55,296.41,"2,344","6,94,783.35",215,"1,048",44.71
MAZDA,EQ,03-12-2018,292.55,297.55,297.6,280.4,282.8,283.05,284.23,"2,221","6,31,266.85",93,"1,227",55.25
MAZDA,EQ,04-12-2018,283.05,281.45,303.85,277.95,301.9,299.5,288.58,"3,581","10,33,409.85",187,"1,765",49.29
MAZDA,EQ,05-12-2018,299.5,296.95,299.0,287.95,287.95,290.35,291.18,475,"1,38,310.60",55,314,66.11
MAZDA,EQ,06-12-2018,290.35,290.05,290.05,280.0,289.0,284.85,287.84,"1,017","2,92,732.40",55,980,96.36
MAZDA,EQ,07-12-2018,284.85,285.05,292.4,284.85,290.0,288.8,289.07,107,"30,930.00",21,57,53.27
MAZDA,EQ,10-12-2018,288.8,281.35,283.0,276.0,280.0,281.4,279.52,513,"1,43,395.45",39,276,53.8
MAZDA,EQ,11-12-2018,281.4,280.55,282.1,280.55,282.1,282.1,281.03,442,"1,24,215.25",36,343,77.6
MAZDA,EQ,12-12-2018,282.1,280.0,297.4,280.0,283.2,284.5,285.36,"1,158","3,30,441.20",54,968,83.59
MAZDA,EQ,13-12-2018,284.5,292.15,299.3,286.0,286.15,288.9,291.71,"1,629","4,75,194.70",69,"1,269",77.9
MAZDA,EQ,14-12-2018,288.9,289.95,314.9,289.95,292.2,296.9,299.61,"2,689","8,05,658.60",182,"1,357",50.46
MAZDA,EQ,17-12-2018,296.9,295.75,298.05,294.0,295.05,295.15,297.02,"1,173","3,48,404.55",67,965,82.27
MAZDA,EQ,18-12-2018,295.15,290.65,308.4,290.65,299.0,299.0,300.36,"1,622","4,87,182.80",78,"1,340",82.61
MAZDA,EQ,19-12-2018,299.0,306.35,307.9,295.05,300.15,299.3,300.05,"2,761","8,28,434.75",115,"2,391",86.6
MAZDA,EQ,20-12-2018,299.3,306.35,306.35,294.25,294.25,296.1,296.74,"4,821","14,30,565.05",113,"1,910",39.62
MAZDA,EQ,21-12-2018,296.1,302.75,302.8,285.05,290.5,290.55,296.95,656,"1,94,798.20",54,496,75.61
MAZDA,EQ,24-12-2018,290.55,294.0,299.0,291.05,294.95,294.95,294.58,42,"12,372.25",15,33,78.57
MAZDA,EQ,26-12-2018,294.95,290.45,301.85,290.4,294.25,294.15,294.19,"1,185","3,48,618.30",98,581,49.03
MAZDA,EQ,27-12-2018,294.15,295.5,302.9,295.05,295.5,297.75,297.15,"1,702","5,05,744.55",111,"1,177",69.15
MAZDA,EQ,28-12-2018,297.75,296.55,298.5,295.0,295.0,295.0,297.86,436,"1,29,868.75",19,430,98.62
MAZDA,EQ,31-12-2018,295.0,297.0,302.8,293.95,300.0,299.95,297.52,"1,732","5,15,298.65",73,"1,221",70.5
MAZDA,EQ,01-01-2019,299.95,300.4,300.4,296.05,297.0,297.0,297.9,748,"2,22,828.70",40,555,74.2
MAZDA,EQ,02-01-2019,297.0,299.95,300.0,290.0,292.05,292.85,293.64,"1,743","5,11,822.55",102,"1,175",67.41
MAZDA,EQ,03-01-2019,292.85,298.45,303.0,291.55,292.35,291.75,295.61,"6,851","20,25,215.00",208,"3,608",52.66
MAZDA,EQ,04-01-2019,291.75,294.0,296.7,290.25,290.25,291.25,294.65,"5,151","15,17,732.65",91,"4,285",83.19
MAZDA,EQ,07-01-2019,291.25,291.6,297.65,291.55,297.55,297.55,295.64,675,"1,99,555.75",19,548,81.19
MAZDA,EQ,08-01-2019,297.55,294.45,296.95,292.05,294.05,294.6,294.88,594,"1,75,159.45",51,364,61.28
MAZDA,EQ,09-01-2019,294.6,297.25,298.9,290.1,290.1,291.15,294.21,"1,610","4,73,683.40",52,"1,284",79.75
MAZDA,EQ,10-01-2019,291.15,294.8,297.95,291.3,292.05,292.1,292.5,124,"36,269.75",17,50,40.32
MAZDA,EQ,11-01-2019,292.1,295.85,297.4,292.0,292.05,292.2,293.13,763,"2,23,656.75",188,354,46.4
MAZDA,EQ,14-01-2019,292.2,291.95,295.95,290.0,292.45,292.1,292.45,255,"74,573.90",131,50,19.61
MAZDA,EQ,15-01-2019,292.1,294.1,297.4,290.0,290.0,292.05,292.88,555,"1,62,548.80",244,154,27.75
MAZDA,EQ,16-01-2019,292.05,292.0,298.0,289.55,292.0,291.85,292.98,"1,264","3,70,322.40",299,565,44.7
MAZDA,EQ,17-01-2019,291.85,294.85,295.75,292.4,295.7,295.05,295.63,978,"2,89,127.65",33,945,96.63
MAZDA,EQ,18-01-2019,295.05,292.05,297.75,277.3,281.0,280.65,281.5,"11,049","31,10,337.10",425,"6,520",59.01
MAZDA,EQ,21-01-2019,280.65,289.0,289.0,272.3,275.1,279.55,279.24,"2,092","5,84,163.55",145,"1,526",72.94
MAZDA,EQ,22-01-2019,279.55,276.05,279.3,275.0,276.05,276.1,275.46,249,"68,589.70",21,188,75.5
MAZDA,EQ,23-01-2019,276.1,274.55,285.2,274.55,277.0,276.6,278.02,213,"59,219.15",100,60,28.17
MAZDA,EQ,24-01-2019,276.6,277.55,279.35,271.15,272.3,272.5,274.66,"1,166","3,20,257.35",72,765,65.61
MAZDA,EQ,25-01-2019,272.5,275.0,279.35,272.6,275.0,273.0,274.01,660,"1,80,848.25",45,419,63.48
MAZDA,EQ,28-01-2019,273.0,271.15,274.85,267.0,273.8,271.75,268.12,"3,318","8,89,634.35",78,"2,951",88.94
MAZDA,EQ,29-01-2019,271.75,273.85,275.25,269.05,272.0,274.1,271.88,474,"1,28,869.35",25,435,91.77
MAZDA,EQ,30-01-2019,274.1,274.15,274.4,270.4,271.5,271.3,271.96,347,"94,370.40",27,263,75.79
MAZDA,EQ,31-01-2019,271.3,272.15,283.05,272.1,272.85,274.7,275.06,292,"80,317.50",24,137,46.92
MAZDA,EQ,01-02-2019,274.7,275.05,275.05,268.05,268.65,268.75,269.42,"3,104","8,36,265.00",111,"2,247",72.39
MAZDA,EQ,04-02-2019,268.75,270.0,270.0,245.0,250.4,252.0,252.83,"7,852","19,85,212.05",916,"3,035",38.65
MAZDA,EQ,05-02-2019,252.0,255.05,259.6,252.0,253.05,253.1,255.91,"8,846","22,63,755.35",182,"6,892",77.91
MAZDA,EQ,06-02-2019,253.1,262.0,302.95,250.6,290.0,291.9,290.24,"29,986","87,03,109.30","1,012","16,238",54.15
MAZDA,EQ,07-02-2019,291.9,289.9,309.95,275.05,304.0,298.05,292.66,"6,644","19,44,452.60",457,"5,057",76.11
MAZDA,EQ,08-02-2019,298.05,301.05,303.95,292.0,303.0,301.45,298.11,"3,242","9,66,485.00",222,"2,078",64.1
MAZDA,EQ,11-02-2019,301.45,294.0,349.9,290.0,314.95,311.25,308.51,"6,761","20,85,811.55",502,"4,671",69.09
MAZDA,EQ,12-02-2019,311.25,325.0,340.0,298.0,311.0,312.0,318.89,"10,392","33,13,890.95",603,"5,235",50.38
MAZDA,EQ,13-02-2019,312.0,324.95,329.95,313.0,313.0,313.75,317.39,"3,155","10,01,381.00",199,"2,036",64.53
MAZDA,EQ,14-02-2019,313.75,311.05,315.0,308.0,313.0,311.65,310.18,"2,703","8,38,417.10",143,"1,797",66.48
MAZDA,EQ,15-02-2019,311.65,307.45,318.95,307.0,307.05,310.15,309.89,"1,504","4,66,080.00",67,913,60.7
MAZDA,EQ,18-02-2019,310.15,310.2,311.0,297.05,302.95,300.85,305.07,"7,001","21,35,793.80",218,"3,911",55.86
MAZDA,EQ,19-02-2019,300.85,298.0,309.3,298.0,301.2,301.2,303.1,172,"52,133.85",20,124,72.09
MAZDA,EQ,20-02-2019,301.2,301.3,310.05,300.0,306.0,303.65,303.96,192,"58,360.85",28,156,81.25
MAZDA,EQ,21-02-2019,303.65,310.35,310.35,299.0,308.0,306.3,304.83,324,"98,763.80",36,196,60.49
MAZDA,EQ,22-02-2019,306.3,301.25,309.0,301.0,309.0,305.4,304.4,428,"1,30,281.75",28,317,74.07
MAZDA,EQ,25-02-2019,305.4,309.75,309.8,302.5,302.5,303.45,307.64,236,"72,602.20",21,218,92.37
MAZDA,EQ,26-02-2019,303.45,302.7,307.0,300.45,307.0,306.95,306.74,658,"2,01,837.60",34,452,68.69
MAZDA,EQ,27-02-2019,306.95,310.7,314.95,302.75,306.7,306.4,307.86,535,"1,64,702.65",142,288,53.83
MAZDA,EQ,28-02-2019,306.4,309.85,312.0,303.25,308.0,308.0,307.49,"1,148","3,52,995.65",98,948,82.58
MAZDA,EQ,01-03-2019,308.0,314.7,338.0,314.7,329.0,325.85,326.02,"11,532","37,59,661.80",467,"6,535",56.67
MAZDA,EQ,05-03-2019,325.85,336.8,354.85,332.0,341.0,343.0,346.32,"17,612","60,99,349.65",724,"12,812",72.75
MAZDA,EQ,06-03-2019,343.0,346.0,380.7,339.0,380.7,374.05,364.43,"1,46,730","5,34,73,508.40","5,780","32,208",21.95
MAZDA,EQ,07-03-2019,374.05,378.4,411.75,376.0,404.0,399.4,396.66,"77,113","3,05,87,534.75","3,421","23,885",30.97
MAZDA,EQ,08-03-2019,399.4,399.4,414.8,399.35,408.0,409.9,408.13,"41,955","1,71,22,995.15","1,710","16,782",40.0
MAZDA,EQ,11-03-2019,409.9,414.7,416.0,408.15,413.25,411.8,411.34,"12,228","50,29,913.65",628,"8,955",73.23
MAZDA,EQ,12-03-2019,411.8,411.8,416.0,408.05,408.1,411.35,412.21,"12,189","50,24,404.80",635,"6,089",49.95
MAZDA,EQ,13-03-2019,411.35,408.7,409.95,395.05,398.85,397.85,401.75,"6,079","24,42,232.80",378,"3,555",58.48
MAZDA,EQ,14-03-2019,397.85,397.85,402.8,386.5,386.5,390.0,397.09,"5,964","23,68,257.90",385,"2,942",49.33
MAZDA,EQ,15-03-2019,390.0,392.95,394.45,385.15,390.0,388.85,391.42,"8,143","31,87,368.30",440,"2,737",33.61
MAZDA,EQ,18-03-2019,388.85,397.4,402.5,391.0,400.0,399.15,397.8,"5,937","23,61,714.15",385,"3,596",60.57
MAZDA,EQ,19-03-2019,399.15,401.2,417.0,401.2,412.95,409.8,411.04,"21,478","88,28,346.35","1,140","10,142",47.22
MAZDA,EQ,20-03-2019,409.8,413.85,415.8,409.05,411.9,410.35,411.55,"21,976","90,44,237.85",366,"18,519",84.27
MAZDA,EQ,22-03-2019,410.35,413.4,417.45,411.0,415.0,415.6,415.06,"21,618","89,72,726.15",524,"18,004",83.28
MAZDA,EQ,25-03-2019,415.6,412.95,416.75,412.95,415.0,415.1,415.02,"19,014","78,91,204.90",235,"18,487",97.23
MAZDA,EQ,26-03-2019,415.1,414.95,435.0,414.95,425.5,426.0,426.47,"27,765","1,18,40,881.20","1,260","14,660",52.8
MAZDA,EQ,27-03-2019,426.0,428.9,444.9,427.2,433.0,435.1,436.95,"35,171","1,53,67,838.95","1,283","16,824",47.83
MAZDA,EQ,28-03-2019,435.1,436.25,446.0,432.55,433.0,435.0,436.45,"32,790","1,43,11,269.65",732,"23,763",72.47
MAZDA,EQ,29-03-2019,435.0,435.0,444.9,435.0,435.0,435.6,437.39,"9,105","39,82,463.45",441,"5,327",58.51
MAZDA,EQ,01-04-2019,435.6,439.0,466.1,436.55,446.85,447.75,447.84,"34,522","1,54,60,404.10",923,"28,524",82.63
MAZDA,EQ,02-04-2019,447.75,449.95,456.0,445.0,445.6,445.85,449.61,"11,996","53,93,543.80",520,"9,287",77.42
MAZDA,EQ,03-04-2019,445.85,449.35,455.0,440.0,440.0,440.65,445.71,"33,052","1,47,31,474.65",644,"26,283",79.52
MAZDA,EQ,04-04-2019,440.65,438.05,448.0,435.0,440.0,439.85,439.45,"27,540","1,21,02,515.90",759,"25,110",91.18
MAZDA,EQ,05-04-2019,439.85,445.95,449.9,440.0,443.5,440.95,445.42,"7,248","32,28,380.80",248,"6,119",84.42
MAZDA,EQ,08-04-2019,440.95,440.95,445.0,439.4,440.0,440.25,440.72,"3,977","17,52,724.65",186,"3,315",83.35
MAZDA,EQ,09-04-2019,440.25,427.0,447.0,427.0,435.0,432.5,438.1,"8,680","38,02,680.80",385,"6,196",71.38
MAZDA,EQ,10-04-2019,432.5,419.5,440.0,419.5,435.0,434.95,435.04,"19,376","84,29,298.55",400,"16,384",84.56
MAZDA,EQ,11-04-2019,434.95,438.75,439.95,435.05,435.1,436.85,438.38,"5,386","23,61,120.40",205,"3,834",71.18
MAZDA,EQ,12-04-2019,436.85,440.0,444.9,428.1,436.5,435.8,434.94,"38,691","1,68,28,191.10",400,"35,923",92.85
MAZDA,EQ,15-04-2019,435.8,435.4,436.5,414.1,415.0,421.7,429.9,"19,004","81,69,909.50",413,"12,853",67.63
MAZDA,EQ,16-04-2019,421.7,418.55,427.0,410.7,410.7,412.9,421.3,"10,577","44,56,059.15",386,"8,311",78.58
MAZDA,EQ,18-04-2019,412.9,410.0,419.0,398.2,400.95,400.15,414.1,"20,882","86,47,147.10",416,"18,884",90.43
MAZDA,EQ,22-04-2019,400.15,396.5,400.4,389.05,392.1,395.2,394.73,"5,412","21,36,280.80",340,"2,522",46.6
MAZDA,EQ,23-04-2019,395.2,393.9,400.8,393.9,399.0,398.8,398.2,"1,186","4,72,259.70",102,614,51.77
MAZDA,EQ,24-04-2019,398.8,402.5,413.5,400.15,400.45,403.3,408.49,"8,266","33,76,549.35",502,"2,408",29.13
MAZDA,EQ,25-04-2019,403.3,407.15,410.2,400.45,405.0,406.3,407.79,"1,889","7,70,321.35",148,"1,077",57.01
MAZDA,EQ,26-04-2019,406.3,404.9,407.95,402.5,402.5,403.65,404.83,"1,227","4,96,724.25",128,555,45.23
MAZDA,EQ,30-04-2019,403.65,386.0,400.85,386.0,390.0,392.0,395.28,643,"2,54,167.55",85,447,69.52
MAZDA,EQ,02-05-2019,392.0,394.1,403.0,389.0,396.25,399.8,392.91,"1,149","4,51,448.65",129,703,61.18
MAZDA,EQ,03-05-2019,399.8,397.2,400.9,392.3,393.0,394.6,395.43,"1,318","5,21,179.70",71,"1,139",86.42
MAZDA,EQ,06-05-2019,394.6,403.7,403.7,390.6,390.75,390.7,395.74,777,"3,07,492.60",67,482,62.03
MAZDA,EQ,07-05-2019,390.7,394.45,402.0,385.0,402.0,396.75,392.52,772,"3,03,023.10",114,333,43.13
MAZDA,EQ,08-05-2019,396.75,392.8,392.8,382.3,385.6,384.05,387.32,249,"96,443.20",55,138,55.42
MAZDA,EQ,09-05-2019,384.05,385.6,387.5,377.75,377.9,379.6,380.7,"2,331","8,87,410.45",119,"1,996",85.63
MAZDA,EQ,10-05-2019,379.6,381.1,385.05,381.0,381.1,381.55,382.08,537,"2,05,174.45",49,480,89.39
MAZDA,EQ,13-05-2019,381.55,387.3,387.3,367.1,374.0,369.95,375.23,"2,159","8,10,116.65",162,"1,956",90.6
MAZDA,EQ,14-05-2019,369.95,365.05,376.75,365.0,369.05,369.6,369.73,398,"1,47,151.50",56,250,62.81
MAZDA,EQ,15-05-2019,369.6,377.35,383.4,371.5,372.95,372.85,374.88,670,"2,51,170.90",113,384,57.31
MAZDA,EQ,16-05-2019,372.85,373.6,379.0,370.5,377.85,377.85,373.89,409,"1,52,921.70",72,196,47.92
MAZDA,EQ,17-05-2019,377.85,379.05,381.6,371.55,373.0,373.65,374.69,747,"2,79,895.70",160,351,46.99
MAZDA,EQ,20-05-2019,373.65,380.0,381.95,375.0,376.0,377.75,377.47,498,"1,87,981.15",51,347,69.68
MAZDA,EQ,21-05-2019,377.75,380.5,385.0,371.2,371.2,375.9,379.46,658,"2,49,683.05",41,553,84.04
MAZDA,EQ,22-05-2019,375.9,374.75,378.0,360.0,368.0,365.9,369.73,785,"2,90,238.35",70,559,71.21
MAZDA,EQ,23-05-2019,365.9,380.55,400.05,370.15,370.15,373.85,387.28,"3,272","12,67,175.70",176,"1,907",58.28
MAZDA,EQ,24-05-2019,373.85,384.9,389.8,382.0,385.7,385.65,386.2,670,"2,58,753.60",58,548,81.79
MAZDA,EQ,27-05-2019,385.65,385.2,409.0,385.15,407.0,402.3,398.81,"1,930","7,69,703.65",186,"1,581",81.92
MAZDA,EQ,28-05-2019,402.3,402.0,409.0,399.3,405.0,404.35,404.46,"1,192","4,82,116.65",116,957,80.29
MAZDA,EQ,29-05-2019,404.35,407.0,484.85,407.0,455.5,461.25,468.55,"92,065","4,31,36,805.10","4,862","31,265",33.96
MAZDA,EQ,30-05-2019,461.25,461.55,469.9,443.2,450.0,449.25,452.3,"16,075","72,70,732.70","1,173","5,517",34.32
MAZDA,EQ,31-05-2019,449.25,449.0,449.0,418.05,426.7,422.45,429.88,"5,772","24,81,295.75",298,"4,356",75.47
MAZDA,EQ,03-06-2019,422.45,427.0,437.95,410.2,428.0,430.85,425.84,"2,934","12,49,424.25",230,"1,334",45.47
MAZDA,EQ,04-06-2019,430.85,434.0,444.0,412.0,412.0,414.25,420.39,"2,260","9,50,085.85",196,"1,469",65.0
MAZDA,EQ,06-06-2019,414.25,412.5,435.0,409.95,425.5,426.1,428.32,"3,894","16,67,871.65",209,"2,721",69.88
MAZDA,EQ,07-06-2019,426.1,418.2,429.9,418.2,421.0,420.2,424.21,291,"1,23,446.30",20,225,77.32
MAZDA,EQ,10-06-2019,420.2,418.55,424.05,402.2,402.35,404.2,411.82,"2,010","8,27,761.15",119,"1,359",67.61
MAZDA,EQ,11-06-2019,404.2,413.0,413.05,390.0,396.1,396.15,397.41,753,"2,99,250.20",88,596,79.15
MAZDA,EQ,12-06-2019,396.15,398.05,449.9,391.0,420.0,424.3,426.78,"8,542","36,45,565.85",582,"3,440",40.27
MAZDA,EQ,13-06-2019,424.3,424.3,424.3,408.0,420.0,417.4,414.42,"1,590","6,58,932.15",166,886,55.72
MAZDA,EQ,14-06-2019,417.4,417.4,417.4,400.1,401.0,404.35,407.01,"2,421","9,85,359.80",171,"1,115",46.06
MAZDA,EQ,17-06-2019,404.35,401.15,430.0,400.5,412.0,412.35,416.43,"7,810","32,52,348.20",348,"2,790",35.69
MAZDA,EQ,18-06-2019,412.35,411.5,415.05,408.0,408.0,408.3,411.62,508,"2,09,102.30",181,122,24.02
MAZDA,EQ,19-06-2019,408.3,406.95,415.55,399.9,403.0,402.85,402.41,"1,518","6,10,864.70",126,"1,250",82.35
MAZDA,EQ,20-06-2019,402.85,397.55,418.9,397.2,412.9,409.5,403.63,"2,057","8,30,276.85",166,"1,355",65.87
MAZDA,EQ,21-06-2019,409.5,405.95,413.0,405.35,407.25,408.9,409.11,783,"3,20,336.50",224,316,40.36
MAZDA,EQ,24-06-2019,408.9,406.4,410.0,390.1,399.0,397.9,400.08,943,"3,77,271.80",138,548,58.11
MAZDA,EQ,25-06-2019,397.9,394.95,405.05,391.85,400.0,403.3,401.69,749,"3,00,863.15",150,455,60.75
MAZDA,EQ,26-06-2019,403.3,402.15,406.55,400.0,400.5,400.8,401.06,"1,432","5,74,319.35",87,"1,141",79.68
MAZDA,EQ,27-06-2019,400.8,406.5,408.95,401.5,408.0,407.4,404.84,872,"3,53,024.80",75,606,69.5
MAZDA,EQ,28-06-2019,407.4,404.2,404.2,397.15,397.15,397.6,399.56,313,"1,25,061.95",58,189,60.38
MAZDA,EQ,01-07-2019,397.6,411.75,420.4,397.0,400.0,398.2,399.6,"3,700","14,78,506.20",95,"3,250",87.84
MAZDA,EQ,02-07-2019,398.2,402.7,409.0,395.3,395.3,395.55,399.51,723,"2,88,842.60",99,425,58.78
MAZDA,EQ,03-07-2019,395.55,390.0,430.5,390.0,421.0,420.25,417.39,"4,233","17,66,832.30",402,"2,651",62.63
MAZDA,EQ,04-07-2019,420.25,416.8,425.05,416.75,418.3,418.3,419.48,619,"2,59,657.20",52,571,92.25
MAZDA,EQ,05-07-2019,418.3,401.0,422.05,401.0,418.4,415.9,414.61,650,"2,69,497.05",55,494,76.0
MAZDA,EQ,08-07-2019,415.9,405.9,407.6,398.0,398.1,400.7,402.74,"1,396","5,62,225.35",78,"1,148",82.23
MAZDA,EQ,09-07-2019,400.7,397.5,402.65,395.95,399.0,398.6,397.81,431,"1,71,456.55",39,372,86.31
MAZDA,EQ,10-07-2019,398.6,403.25,419.5,391.65,398.6,398.9,402.27,"1,265","5,08,873.85",168,874,69.09
MAZDA,EQ,11-07-2019,398.9,397.45,409.25,395.4,396.0,396.75,398.08,"1,054","4,19,579.60",136,574,54.46
MAZDA,EQ,12-07-2019,396.75,395.95,406.95,393.0,400.0,395.95,401.12,466,"1,86,920.10",190,144,30.9
MAZDA,EQ,15-07-2019,395.95,402.0,406.9,393.05,401.1,403.55,400.33,"1,096","4,38,759.75",169,677,61.77
MAZDA,EQ,16-07-2019,403.55,400.95,408.2,394.1,401.0,401.0,400.05,343,"1,37,217.45",163,77,22.45
MAZDA,EQ,17-07-2019,401.0,394.8,402.05,392.2,395.15,395.8,396.53,736,"2,91,843.65",243,220,29.89
MAZDA,EQ,18-07-2019,395.8,396.0,402.0,390.0,390.0,392.6,394.79,389,"1,53,573.20",63,318,81.75
MAZDA,EQ,19-07-2019,392.6,393.0,394.1,372.1,380.05,381.0,382.07,991,"3,78,628.55",61,791,79.82
MAZDA,EQ,22-07-2019,381.0,372.2,394.9,358.1,380.1,381.8,372.21,"2,343","8,72,079.30",318,"1,001",42.72
MAZDA,EQ,23-07-2019,381.8,372.1,387.0,372.1,380.05,380.05,378.86,716,"2,71,261.95",100,513,71.65
MAZDA,EQ,24-07-2019,380.05,372.45,383.0,370.0,380.0,380.0,376.17,"1,335","5,02,185.00",58,747,55.96
MAZDA,EQ,25-07-2019,380.0,372.1,386.0,372.1,380.0,378.35,379.17,"1,616","6,12,737.10",197,"1,088",67.33
MAZDA,EQ,26-07-2019,378.35,372.15,378.0,365.0,378.0,371.2,371.53,"5,599","20,80,217.15",236,"4,616",82.44
MAZDA,EQ,29-07-2019,371.2,384.0,386.65,366.0,367.0,366.55,367.05,"2,477","9,09,188.45",103,"1,877",75.78
MAZDA,EQ,30-07-2019,366.55,367.3,376.15,358.15,361.5,359.7,362.85,"4,246","15,40,675.30",203,"2,886",67.97
MAZDA,EQ,31-07-2019,359.7,361.7,368.0,351.15,355.0,357.75,357.84,"3,775","13,50,854.85",264,"1,355",35.89
MAZDA,EQ,01-08-2019,357.75,359.0,368.0,353.0,353.5,353.5,358.08,"2,028","7,26,186.25",112,492,24.26
MAZDA,EQ,02-08-2019,353.5,353.5,358.0,343.0,346.4,351.75,349.45,"2,727","9,52,943.90",392,226,8.29
MAZDA,EQ,05-08-2019,351.75,330.6,343.15,320.1,331.75,339.1,332.16,"3,408","11,31,991.70",356,"1,670",49.0
MAZDA,EQ,06-08-2019,339.1,332.4,383.0,332.4,373.4,368.9,354.68,956,"3,39,075.75",556,465,48.64
MAZDA,EQ,07-08-2019,368.9,365.5,377.15,358.1,360.0,367.35,368.23,"2,358","8,68,279.35",225,602,25.53
MAZDA,EQ,08-08-2019,367.35,367.35,376.65,358.1,363.0,361.55,363.08,"1,141","4,14,273.05",192,281,24.63
MAZDA,EQ,09-08-2019,361.55,371.05,382.0,361.2,380.0,364.85,369.7,"1,209","4,46,965.55",309,559,46.24
MAZDA,EQ,13-08-2019,364.85,376.05,377.05,345.2,346.0,351.0,362.32,764,"2,76,811.40",190,386,50.52
MAZDA,EQ,14-08-2019,351.0,350.95,363.95,338.05,348.9,341.5,344.98,"1,410","4,86,418.80",210,970,68.79
MAZDA,EQ,16-08-2019,341.5,344.0,356.95,335.0,350.0,347.35,348.25,589,"2,05,117.45",231,321,54.5
MAZDA,EQ,19-08-2019,347.35,340.0,357.95,335.05,342.0,342.95,343.17,"1,011","3,46,945.10",154,730,72.21
MAZDA,EQ,20-08-2019,342.95,352.0,370.0,348.0,348.0,348.8,354.98,"1,497","5,31,409.05",235,938,62.66
MAZDA,EQ,21-08-2019,348.8,347.0,358.95,347.0,348.4,348.4,350.53,712,"2,49,576.05",183,392,55.06
MAZDA,EQ,22-08-2019,348.4,341.1,342.05,322.2,334.0,334.55,336.14,407,"1,36,807.80",124,143,35.14
MAZDA,EQ,23-08-2019,334.55,335.1,335.8,320.05,329.8,331.3,326.98,"2,912","9,52,170.70",167,"1,392",47.8
MAZDA,EQ,26-08-2019,331.3,321.4,346.0,321.4,341.65,338.05,336.83,"1,198","4,03,526.30",341,636,53.09
MAZDA,EQ,27-08-2019,338.05,341.9,364.0,334.2,364.0,359.35,348.63,"1,177","4,10,333.80",222,798,67.8
MAZDA,EQ,28-08-2019,359.35,363.0,368.0,345.0,345.0,346.95,353.41,"1,189","4,20,199.70",118,624,52.48
MAZDA,EQ,29-08-2019,346.95,345.0,364.95,332.6,335.5,338.55,341.71,590,"2,01,610.10",171,259,43.9
MAZDA,EQ,30-08-2019,338.55,340.0,349.9,340.0,341.0,342.5,342.22,244,"83,500.55",78,95,38.93
MAZDA,EQ,03-09-2019,342.5,342.6,359.05,333.5,334.0,335.7,342.15,"1,119","3,82,861.55",197,371,33.15
MAZDA,EQ,04-09-2019,335.7,347.7,347.7,337.0,340.05,346.75,341.9,376,"1,28,555.15",179,54,14.36
MAZDA,EQ,05-09-2019,346.75,345.95,359.9,334.55,340.0,340.0,347.84,"1,895","6,59,150.40",289,"1,320",69.66
MAZDA,EQ,06-09-2019,340.0,356.0,356.7,343.0,348.2,348.5,348.62,747,"2,60,419.95",297,470,62.92
MAZDA,EQ,09-09-2019,348.5,356.0,364.0,344.95,359.0,353.45,350.77,"1,198","4,20,217.65",279,530,44.24
MAZDA,EQ,11-09-2019,353.45,361.8,379.9,353.95,373.0,369.5,366.24,"1,775","6,50,073.40",339,"1,100",61.97
MAZDA,EQ,12-09-2019,369.5,358.4,368.0,347.35,357.0,358.7,359.83,620,"2,23,093.90",216,256,41.29
MAZDA,EQ,13-09-2019,358.7,358.7,358.7,350.1,354.9,353.4,356.76,"3,698","13,19,312.30",116,"3,520",95.19
MAZDA,EQ,16-09-2019,353.4,353.0,361.05,346.0,346.0,346.4,351.77,831,"2,92,323.65",315,354,42.6
MAZDA,EQ,17-09-2019,346.4,358.0,360.0,346.05,346.05,346.6,350.27,907,"3,17,698.30",328,427,47.08
MAZDA,EQ,18-09-2019,346.6,352.0,354.75,344.95,353.7,351.0,348.21,"1,092","3,80,248.65",265,634,58.06
MAZDA,EQ,19-09-2019,351.0,347.0,353.0,343.2,347.5,347.5,348.67,466,"1,62,482.25",254,59,12.66
MAZDA,EQ,20-09-2019,347.5,344.55,357.5,341.0,354.5,354.5,350.94,"3,881","13,62,015.10",525,604,15.56
MAZDA,EQ,23-09-2019,354.5,359.95,370.0,354.0,355.0,355.75,357.61,"3,743","13,38,534.75",149,"1,349",36.04
MAZDA,EQ,24-09-2019,355.75,364.0,371.0,355.0,364.5,358.8,361.02,"5,327","19,23,148.40",355,"1,410",26.47
MAZDA,EQ,25-09-2019,358.8,368.0,368.0,355.0,355.0,355.7,360.31,"4,181","15,06,454.50",186,497,11.89
MAZDA,EQ,26-09-2019,355.7,362.0,367.0,350.0,366.0,363.4,360.47,"3,044","10,97,285.75",114,953,31.31
MAZDA,EQ,27-09-2019,363.4,363.0,368.0,357.5,365.0,365.0,361.16,"2,854","10,30,762.45",130,352,12.33
MAZDA,EQ,30-09-2019,365.0,363.5,368.0,355.0,355.0,355.0,356.81,"1,394","4,97,398.80",245,"1,089",78.12
MAZDA,EQ,01-10-2019,355.0,355.0,364.9,355.0,355.2,355.15,358.79,833,"2,98,875.10",262,235,28.21
MAZDA,EQ,03-10-2019,355.15,340.0,355.1,340.0,354.75,354.75,354.82,"2,110","7,48,666.80",24,"1,974",93.55
MAZDA,EQ,04-10-2019,354.75,361.0,367.95,355.0,355.0,358.8,361.85,"1,049","3,79,580.85",669,367,34.99
MAZDA,EQ,07-10-2019,358.8,368.95,368.95,350.0,360.95,356.45,359.03,281,"1,00,886.90",248,44,15.66
MAZDA,EQ,09-10-2019,356.45,362.0,364.75,355.0,361.0,359.1,360.24,893,"3,21,692.50",643,187,20.94
MAZDA,EQ,10-10-2019,359.1,365.0,366.95,356.0,358.05,358.0,360.26,732,"2,63,707.25",628,37,5.05
MAZDA,EQ,11-10-2019,358.0,350.0,361.0,345.2,360.0,360.0,357.03,592,"2,11,362.95",342,208,35.14
MAZDA,EQ,14-10-2019,360.0,363.0,365.0,355.0,355.0,356.95,359.93,"1,084","3,90,168.85",986,30,2.77
MAZDA,EQ,15-10-2019,356.95,365.0,366.0,356.55,366.0,360.55,360.38,"1,753","6,31,753.50",409,"1,210",69.02
MAZDA,EQ,16-10-2019,360.55,365.0,369.5,356.2,358.0,359.65,361.87,867,"3,13,745.55",627,60,6.92
MAZDA,EQ,17-10-2019,359.65,368.0,368.0,355.1,361.1,362.6,358.89,749,"2,68,806.80",231,211,28.17
MAZDA,EQ,18-10-2019,362.6,363.0,367.95,356.5,360.0,362.1,361.52,"1,173","4,24,058.95",614,462,39.39
MAZDA,EQ,22-10-2019,362.1,372.0,372.0,355.0,357.0,357.0,360.37,"3,069","11,05,989.60",463,848,27.63
MAZDA,EQ,23-10-2019,357.0,363.0,375.0,359.95,362.1,362.3,364.91,"19,811","72,29,313.25",753,235,1.19
MAZDA,EQ,24-10-2019,362.3,372.0,374.0,353.5,354.1,354.9,362.08,"20,410","73,90,134.25",446,"1,270",6.22
MAZDA,EQ,25-10-2019,354.9,361.0,366.9,355.25,366.0,365.3,362.3,"4,874","17,65,851.75",114,652,13.38
MAZDA,EQ,27-10-2019,365.3,365.05,397.0,364.95,374.95,379.15,380.75,763,"2,90,509.90",80,542,71.04
MAZDA,EQ,29-10-2019,379.15,379.0,382.0,367.05,368.25,368.55,375.24,"8,646","32,44,336.90",293,"1,312",15.17
MAZDA,EQ,30-10-2019,368.55,369.0,377.8,363.0,373.95,369.45,372.26,492,"1,83,152.40",95,321,65.24
MAZDA,EQ,31-10-2019,369.45,377.0,381.95,363.0,371.9,371.25,370.24,247,"91,448.95",46,130,52.63
MAZDA,EQ,01-11-2019,371.25,371.0,378.0,361.0,362.5,364.8,366.89,"5,682","20,84,641.85",469,192,3.38
MAZDA,EQ,04-11-2019,364.8,368.5,369.75,352.5,354.0,354.3,362.0,"6,394","23,14,646.50",232,"1,778",27.81
MAZDA,EQ,05-11-2019,354.3,355.0,365.0,355.0,355.05,355.3,357.88,"14,342","51,32,696.75",429,"1,239",8.64
MAZDA,EQ,06-11-2019,355.3,358.0,363.9,352.0,355.0,354.8,356.07,"15,013","53,45,661.25",295,"7,183",47.85
MAZDA,EQ,07-11-2019,354.8,366.0,366.0,354.5,355.5,356.15,357.48,"9,422","33,68,148.70",242,"4,245",45.05
MAZDA,EQ,08-11-2019,356.15,353.0,363.75,352.15,355.0,355.7,355.56,"8,630","30,68,485.30",227,"4,889",56.65
MAZDA,EQ,11-11-2019,355.7,356.0,363.95,355.15,355.35,355.9,357.21,"2,597","9,27,677.90",181,"1,285",49.48
MAZDA,EQ,13-11-2019,355.9,399.0,424.4,387.2,390.2,393.7,405.14,"48,060","1,94,71,173.60","2,206","15,986",33.26
MAZDA,EQ,14-11-2019,393.7,390.2,410.0,380.1,392.0,387.2,392.53,"19,862","77,96,351.55",440,"4,777",24.05
MAZDA,EQ,15-11-2019,387.2,390.0,390.0,372.0,386.0,380.25,381.73,"10,029","38,28,416.95",601,"2,697",26.89
MAZDA,EQ,18-11-2019,380.25,395.0,395.0,360.2,370.1,370.15,374.36,"9,374","35,09,256.90",541,"1,564",16.68
MAZDA,EQ,19-11-2019,370.15,377.0,389.0,365.8,389.0,386.3,378.38,"15,354","58,09,696.70",456,"7,591",49.44
MAZDA,EQ,20-11-2019,386.3,390.0,402.9,376.55,390.0,389.4,389.94,"20,251","78,96,709.00","1,028","4,031",19.91
MAZDA,EQ,21-11-2019,389.4,394.5,397.6,380.0,384.55,383.75,388.05,"10,068","39,06,936.35",291,"3,939",39.12
MAZDA,EQ,22-11-2019,383.75,384.0,391.0,373.0,373.0,376.15,384.08,"5,937","22,80,276.55",376,458,7.71
MAZDA,EQ,25-11-2019,376.15,383.0,405.0,378.8,404.95,399.6,392.21,"8,944","35,07,909.45",636,"2,866",32.04
MAZDA,EQ,26-11-2019,399.6,400.0,409.0,390.2,395.0,393.05,402.19,"9,357","37,63,256.55",467,"1,288",13.77
MAZDA,EQ,27-11-2019,393.05,393.05,396.5,391.0,396.0,395.5,394.74,"2,447","9,65,937.95",107,"2,286",93.42
MAZDA,EQ,28-11-2019,395.5,392.0,403.9,392.0,400.0,399.85,399.12,"2,213","8,83,245.95",93,"1,640",74.11
MAZDA,EQ,29-11-2019,399.85,388.0,414.0,388.0,405.0,405.55,405.27,"16,183","65,58,422.65",948,"5,594",34.57
MAZDA,EQ,02-12-2019,405.55,420.0,420.0,382.35,384.1,385.4,396.58,"7,817","31,00,048.85",476,"2,910",37.23
MAZDA,EQ,03-12-2019,385.4,391.0,391.05,381.95,390.0,387.9,386.77,"11,357","43,92,501.05",790,876,7.71
MAZDA,EQ,04-12-2019,387.9,390.0,396.3,381.05,395.0,388.4,386.11,"9,025","34,84,679.85",355,473,5.24
MAZDA,EQ,05-12-2019,388.4,389.0,395.4,381.25,395.0,392.7,389.01,"6,247","24,30,149.35",314,319,5.11
MAZDA,EQ,06-12-2019,392.7,395.0,395.0,381.0,381.0,381.15,387.93,"9,298","36,06,974.15",304,"3,784",40.7
MAZDA,EQ,09-12-2019,381.15,377.5,392.95,377.5,384.9,381.5,385.49,"8,076","31,13,244.95",318,995,12.32
MAZDA,EQ,10-12-2019,381.5,390.0,390.0,380.1,382.15,387.7,383.68,"13,161","50,49,594.70",659,"1,637",12.44
MAZDA,EQ,11-12-2019,387.7,392.0,396.7,375.1,375.1,379.85,382.56,"30,262","1,15,77,049.45",814,"17,295",57.15
MAZDA,EQ,12-12-2019,379.85,379.0,389.0,375.15,380.0,383.75,379.55,"20,146","76,46,346.85",331,"6,894",34.22
MAZDA,EQ,13-12-2019,383.75,384.0,390.0,381.05,387.8,385.5,384.68,"7,016","26,98,910.85",235,"1,558",22.21
MAZDA,EQ,16-12-2019,385.5,386.0,388.8,378.5,385.0,384.85,384.73,"10,680","41,08,941.10",461,"1,235",11.56
MAZDA,EQ,17-12-2019,384.85,383.0,386.95,374.6,381.3,383.95,382.94,"6,045","23,14,896.05",201,325,5.38
MAZDA,EQ,18-12-2019,383.95,384.3,386.5,377.1,381.05,381.75,382.27,"3,917","14,97,350.20",345,"2,175",55.53
MAZDA,EQ,19-12-2019,381.75,383.5,385.95,380.1,384.75,383.3,382.85,"1,362","5,21,447.65",233,246,18.06
MAZDA,EQ,20-12-2019,383.3,385.0,392.45,380.55,387.7,385.2,387.2,"12,193","47,21,106.25",677,647,5.31
MAZDA,EQ,23-12-2019,385.2,387.0,400.0,383.05,399.0,397.55,392.08,"13,439","52,69,194.70",816,"1,405",10.45
MAZDA,EQ,24-12-2019,397.55,406.0,408.0,387.0,390.0,390.95,393.96,"20,297","79,96,222.85",719,"1,086",5.35
MAZDA,EQ,26-12-2019,390.95,395.0,402.7,376.05,377.75,377.7,383.4,"24,548","94,11,747.80",584,"20,047",81.66
MAZDA,EQ,27-12-2019,377.7,372.1,387.9,371.15,385.85,383.15,379.18,"25,813","97,87,781.05",393,"12,704",49.22
MAZDA,EQ,30-12-2019,383.15,389.95,402.65,380.1,400.0,398.1,385.44,"16,716","64,43,034.85",628,"2,506",14.99
MAZDA,EQ,31-12-2019,398.1,400.0,402.0,392.75,395.0,395.8,396.7,"7,155","28,38,405.20",219,"2,313",32.33
MAZDA,EQ,01-01-2020,395.8,399.0,405.0,392.0,400.0,399.9,397.19,"6,650","26,41,305.90",264,"2,427",36.5
MAZDA,EQ,02-01-2020,399.9,405.0,444.95,396.6,444.0,438.5,425.7,"26,591","1,13,19,761.50","1,068","10,893",40.96
MAZDA,EQ,03-01-2020,438.5,439.0,460.0,428.45,438.0,432.9,446.83,"9,959","44,49,969.40",698,"5,646",56.69
MAZDA,EQ,06-01-2020,432.9,428.0,434.95,420.0,421.5,424.15,426.78,"7,258","30,97,559.90",372,"3,777",52.04
MAZDA,EQ,07-01-2020,424.15,425.0,433.75,414.65,418.4,419.95,424.79,"4,450","18,90,319.65",225,"2,104",47.28
MAZDA,EQ,08-01-2020,419.95,410.0,427.05,406.0,408.65,415.05,414.93,"10,427","43,26,496.10",690,"3,782",36.27
MAZDA,EQ,09-01-2020,415.05,416.0,443.7,414.65,439.95,435.75,429.55,"13,233","56,84,239.85",775,"2,840",21.46
MAZDA,EQ,10-01-2020,435.75,435.75,449.0,433.5,443.5,440.3,439.32,"8,634","37,93,102.30",450,"1,971",22.83
MAZDA,EQ,13-01-2020,440.3,445.0,451.0,436.5,446.5,445.5,445.38,"17,498","77,93,254.80",701,"8,181",46.75
MAZDA,EQ,14-01-2020,445.5,444.5,453.0,444.5,445.25,449.6,450.05,"3,615","16,26,937.35",247,"3,230",89.35
MAZDA,EQ,15-01-2020,449.6,450.0,469.95,444.65,469.95,466.75,452.6,"15,255","69,04,374.85",658,"6,892",45.18
MAZDA,EQ,16-01-2020,466.75,478.8,488.3,463.2,470.5,472.45,473.8,"20,879","98,92,399.25","1,102","6,888",32.99
MAZDA,EQ,17-01-2020,472.45,482.0,487.0,473.25,480.0,482.45,479.78,"9,472","45,44,444.55",422,"3,522",37.18
MAZDA,EQ,20-01-2020,482.45,485.0,495.05,474.7,474.7,474.8,483.19,"12,776","61,73,274.20",845,"2,183",17.09
MAZDA,EQ,21-01-2020,474.8,482.0,484.2,461.6,464.9,466.5,476.3,"10,800","51,43,995.15",547,"2,076",19.22
MAZDA,EQ,22-01-2020,466.5,469.5,473.15,410.5,454.7,449.0,450.53,"18,165","81,83,917.80",712,"5,586",30.75
MAZDA,EQ,23-01-2020,449.0,457.0,467.0,448.85,467.0,460.7,455.66,"11,434","52,10,037.15",344,"2,427",21.23
MAZDA,EQ,24-01-2020,460.7,460.7,463.7,451.95,452.0,457.2,459.95,"8,998","41,38,596.30",287,299,3.32
MAZDA,EQ,27-01-2020,457.2,457.0,467.1,451.8,456.0,457.35,461.21,"9,665","44,57,581.00",347,"3,760",38.9
MAZDA,EQ,28-01-2020,457.35,463.0,463.0,451.1,456.1,457.7,457.81,"7,715","35,32,009.05",249,"2,550",33.05
MAZDA,EQ,29-01-2020,457.7,463.5,468.0,453.0,453.0,453.5,459.39,"9,000","41,34,523.30",447,"1,027",11.41
MAZDA,EQ,30-01-2020,453.5,459.5,463.5,453.0,453.5,454.4,455.29,"7,838","35,68,537.25",485,"1,096",13.98
MAZDA,EQ,31-01-2020,454.4,460.0,460.15,451.2,453.0,453.0,456.28,"5,286","24,11,896.65",177,472,8.93
MAZDA,EQ,01-02-2020,453.0,468.7,468.7,450.05,452.5,452.7,455.15,"6,874","31,28,682.90",448,"2,080",30.26
MAZDA,EQ,03-02-2020,452.7,460.0,460.0,450.0,450.0,450.2,453.12,"4,705","21,31,926.30",212,354,7.52
MAZDA,EQ,04-02-2020,450.2,461.0,461.0,451.0,461.0,459.65,456.36,"4,803","21,91,914.00",308,675,14.05
MAZDA,EQ,05-02-2020,459.65,480.0,489.0,465.0,476.0,472.75,475.61,"9,668","45,98,176.00",839,"3,056",31.61
MAZDA,EQ,06-02-2020,472.75,479.0,499.0,470.0,493.0,494.0,486.74,"16,649","81,03,701.50","1,389","6,975",41.89
MAZDA,EQ,07-02-2020,494.0,494.15,513.8,487.0,507.0,504.25,496.84,"16,110","80,04,110.85",682,"6,496",40.32
MAZDA,EQ,10-02-2020,504.25,495.0,504.9,480.2,501.0,499.35,495.07,"4,860","24,06,022.90",212,"2,867",58.99
MAZDA,EQ,11-02-2020,499.35,502.2,530.0,502.05,524.95,523.1,521.19,"17,061","88,92,072.10","1,093","12,696",74.42
MAZDA,EQ,12-02-2020,523.1,523.1,523.1,511.5,517.5,520.0,517.86,"3,296","17,06,853.05",206,"2,723",82.62
MAZDA,EQ,13-02-2020,520.0,546.85,546.85,511.75,525.0,525.1,520.63,"11,010","57,32,111.70",559,"4,511",40.97
MAZDA,EQ,14-02-2020,525.1,495.0,512.75,480.0,503.0,503.25,491.83,"28,621","1,40,76,807.60","1,611","13,565",47.4
MAZDA,EQ,17-02-2020,503.25,500.0,510.0,493.05,498.0,498.75,501.93,"6,839","34,32,715.25",415,"2,569",37.56
MAZDA,EQ,18-02-2020,498.75,490.0,502.65,480.0,497.0,497.4,495.12,"10,483","51,90,305.55",446,"1,753",16.72
MAZDA,EQ,19-02-2020,497.4,506.95,508.85,499.0,504.0,502.35,503.69,"10,246","51,60,796.80",389,"2,951",28.8
MAZDA,EQ,20-02-2020,502.35,495.0,502.05,492.0,500.0,499.65,497.2,"14,513","72,15,833.80",742,"7,412",51.07
MAZDA,EQ,24-02-2020,499.65,498.0,498.0,483.7,489.0,491.9,490.32,"3,461","16,96,980.30",144,735,21.24
MAZDA,EQ,25-02-2020,491.9,485.1,498.0,481.7,485.1,486.05,488.97,"5,157","25,21,619.20",241,"2,170",42.08
MAZDA,EQ,26-02-2020,486.05,489.0,491.35,477.0,477.0,478.8,485.04,"3,473","16,84,557.05",269,178,5.13
MAZDA,EQ,27-02-2020,478.8,483.0,483.0,460.0,462.0,463.2,470.21,"8,218","38,64,161.80",346,"4,558",55.46
MAZDA,EQ,28-02-2020,463.2,458.0,466.0,415.6,416.0,429.55,439.66,"3,758","16,52,223.55",312,"2,053",54.63
MAZDA,EQ,02-03-2020,429.55,435.05,435.05,401.0,412.0,408.65,417.74,"6,873","28,71,122.05",415,"4,326",62.94
MAZDA,EQ,03-03-2020,408.65,417.0,434.0,414.0,434.0,424.25,419.72,"3,135","13,15,809.75",157,"2,305",73.52
MAZDA,EQ,04-03-2020,424.25,421.45,431.85,400.0,405.0,407.1,410.07,"5,108","20,94,625.90",427,"4,369",85.53
MAZDA,EQ,05-03-2020,407.1,410.45,418.75,406.0,410.95,407.5,411.52,"9,250","38,06,566.15",468,"2,155",23.3
MAZDA,EQ,06-03-2020,407.5,410.0,415.0,389.0,389.0,390.1,398.82,"9,959","39,71,873.85",514,"5,705",57.28
MAZDA,EQ,09-03-2020,390.1,394.5,394.5,379.0,381.0,380.9,386.29,"7,127","27,53,121.10",325,"1,810",25.4
MAZDA,EQ,11-03-2020,380.9,386.05,387.15,369.0,370.0,375.85,376.39,"5,322","20,03,125.10",321,"2,800",52.61
MAZDA,EQ,12-03-2020,375.85,376.05,379.95,344.95,355.8,347.7,354.87,"4,422","15,69,223.35",290,"2,796",63.23
MAZDA,EQ,13-03-2020,347.7,330.1,372.0,302.0,370.95,370.2,355.13,"5,748","20,41,306.35",243,"4,563",79.38
MAZDA,EQ,16-03-2020,370.2,360.0,380.0,336.0,336.0,337.15,348.22,"3,504","12,20,172.60",313,"2,580",73.63
MAZDA,EQ,17-03-2020,337.15,360.0,368.95,303.0,327.0,332.6,330.55,"10,402","34,38,343.90","1,174","5,337",51.31
MAZDA,EQ,18-03-2020,332.6,340.05,340.05,305.5,311.0,312.25,320.16,"6,427","20,57,669.70",417,"5,137",79.93
MAZDA,EQ,19-03-2020,312.25,305.55,334.95,256.55,278.0,282.65,297.17,"5,476","16,27,318.75",622,"2,985",54.51
MAZDA,EQ,20-03-2020,282.65,300.95,307.8,257.2,280.0,279.6,281.7,"14,267","40,19,083.60","1,046","9,564",67.04
MAZDA,EQ,23-03-2020,279.6,279.0,279.0,228.0,248.0,243.0,247.25,"2,719","6,72,262.70",200,"2,079",76.46
MAZDA,EQ,24-03-2020,243.0,252.95,274.05,240.3,241.0,245.05,252.52,"1,669","4,21,461.95",124,"1,419",85.02
MAZDA,EQ,25-03-2020,245.05,241.0,255.55,238.85,240.1,243.55,245.89,"1,025","2,52,041.90",124,864,84.29
MAZDA,EQ,26-03-2020,243.55,243.5,263.95,243.5,255.5,255.95,255.22,"1,466","3,74,149.45",134,"1,251",85.33
MAZDA,EQ,27-03-2020,255.95,265.0,290.2,234.45,234.45,240.75,249.88,"5,941","14,84,523.60",402,"4,429",74.55
MAZDA,EQ,30-03-2020,240.75,261.95,261.95,232.55,246.95,243.55,244.13,673,"1,64,299.95",78,511,75.93
MAZDA,EQ,31-03-2020,243.55,255.05,255.05,239.95,245.05,244.75,245.66,"2,777","6,82,209.90",125,"1,876",67.55
MAZDA,EQ,01-04-2020,244.75,253.0,253.0,231.0,233.0,234.25,239.97,"2,023","4,85,466.60",229,"1,201",59.37
MAZDA,EQ,03-04-2020,234.25,251.95,251.95,227.55,235.0,233.9,235.47,"4,137","9,74,144.35",461,824,19.92
MAZDA,EQ,07-04-2020,233.9,250.0,258.0,233.0,247.0,250.3,248.15,"6,147","15,25,386.75",520,"4,093",66.59
MAZDA,EQ,08-04-2020,250.3,254.05,256.5,237.45,237.45,242.3,248.67,"15,268","37,96,767.35",540,"10,030",65.69
MAZDA,EQ,09-04-2020,242.3,249.8,252.0,238.0,240.0,242.9,246.46,"13,456","33,16,379.05",295,"10,697",79.5
MAZDA,EQ,13-04-2020,242.9,243.1,246.65,231.0,232.95,233.7,235.98,"12,410","29,28,513.70",667,"3,665",57.07
MAZDA,EQ,15-04-2020,233.7,236.15,250.3,236.15,240.4,241.8,246.97,"15,232","37,61,853.95",725,"11,956",78.49
MAZDA,EQ,16-04-2020,241.8,244.15,250.0,243.95,245.55,246.8,247.19,"9,558","23,62,649.00",520,"5,213",54.54
MAZDA,EQ,17-04-2020,246.8,251.25,258.0,248.25,253.35,255.3,253.55,"22,528","57,12,050.10",952,"14,034",62.3
MAZDA,EQ,20-04-2020,255.3,255.1,283.35,255.1,278.0,279.35,271.36,"13,063","35,44,828.15",804,"6,988",53.49
MAZDA,EQ,21-04-2020,279.35,278.95,278.95,251.55,256.0,254.3,260.06,"12,488","32,47,623.65",836,"6,281",50.3
MAZDA,EQ,22-04-2020,254.3,262.05,266.35,250.05,264.65,260.75,258.34,"7,154","18,48,169.60",451,"2,559",35.77
MAZDA,EQ,23-04-2020,260.75,257.95,275.0,255.25,266.85,270.0,268.43,"7,584","20,35,790.30",518,"4,972",65.56
MAZDA,EQ,24-04-2020,270.0,262.05,270.95,254.05,254.1,255.5,263.4,"5,566","14,66,105.70",989,"1,487",26.72
MAZDA,EQ,27-04-2020,255.5,264.9,264.9,256.2,257.0,258.4,260.65,"3,418","8,90,914.15",449,"1,428",41.78
MAZDA,EQ,28-04-2020,258.4,265.0,265.0,256.5,259.85,260.75,260.52,"3,199","8,33,418.90",262,"2,498",78.09
MAZDA,EQ,29-04-2020,260.75,263.85,264.0,257.25,260.2,260.15,261.73,"9,082","23,76,988.35",382,"6,996",77.03
MAZDA,EQ,30-04-2020,260.15,264.5,272.0,261.0,262.05,262.95,266.3,"13,248","35,27,935.60",923,"7,095",53.56
MAZDA,EQ,04-05-2020,262.95,251.05,262.95,240.05,247.8,247.75,249.59,"6,602","16,47,777.80",495,"3,229",48.91
MAZDA,EQ,05-05-2020,247.75,252.0,257.95,245.05,246.0,247.05,251.75,"5,308","13,36,299.45",355,"3,048",57.42
MAZDA,EQ,06-05-2020,247.05,256.25,256.3,245.0,245.0,246.15,248.41,"2,172","5,39,545.55",171,739,34.02
MAZDA,EQ,07-05-2020,246.15,249.85,249.9,242.15,244.9,244.55,245.68,"1,752","4,30,439.85",268,445,25.4
MAZDA,EQ,08-05-2020,244.55,253.05,253.05,245.5,250.0,246.6,248.35,"2,425","6,02,257.30",278,"1,548",63.84
MAZDA,EQ,11-05-2020,246.6,250.0,252.9,245.25,248.0,246.65,247.8,"3,118","7,72,645.15",374,"1,289",41.34
MAZDA,EQ,12-05-2020,246.65,250.05,250.05,242.5,247.45,245.45,244.44,"9,069","22,16,819.70",232,"7,630",84.13
MAZDA,EQ,13-05-2020,245.45,249.05,254.4,245.45,250.0,249.1,249.3,"5,569","13,88,329.50",345,"2,450",43.99
MAZDA,EQ,14-05-2020,249.1,246.8,249.9,244.45,245.55,246.65,246.73,"3,538","8,72,916.95",102,"3,235",91.44
MAZDA,EQ,15-05-2020,246.65,250.9,250.9,245.0,248.0,248.2,247.4,"1,246","3,08,260.40",117,596,47.83
MAZDA,EQ,18-05-2020,248.2,248.05,258.95,242.05,244.95,244.5,249.59,"1,811","4,51,999.70",113,"1,418",78.3
MAZDA,EQ,19-05-2020,244.5,248.85,249.0,244.45,244.45,244.55,245.91,602,"1,48,035.50",80,325,53.99
MAZDA,EQ,20-05-2020,244.55,247.3,247.45,242.0,244.9,244.45,244.28,"1,003","2,45,008.75",177,341,34.0
MAZDA,EQ,21-05-2020,244.45,247.4,247.75,242.1,242.1,242.9,243.82,971,"2,36,751.85",136,539,55.51
MAZDA,EQ,22-05-2020,242.9,246.7,248.7,241.05,244.0,244.05,244.72,"2,146","5,25,166.35",263,824,38.4
MAZDA,EQ,26-05-2020,244.05,244.55,249.0,239.9,242.5,242.55,243.05,"6,260","15,21,487.50",230,"4,654",74.35
MAZDA,EQ,27-05-2020,242.55,242.55,247.0,238.0,238.25,238.6,240.83,"4,403","10,60,367.75",286,"3,296",74.86
MAZDA,EQ,28-05-2020,238.6,242.0,253.65,238.05,247.0,249.0,246.48,"4,505","11,10,411.15",292,"2,101",46.64
MAZDA,EQ,29-05-2020,249.0,252.05,263.0,248.15,257.65,259.05,258.68,"3,544","9,16,775.55",300,"1,720",48.53
MAZDA,EQ,01-06-2020,259.05,265.1,277.0,260.25,271.0,270.95,271.61,"12,647","34,35,028.45",668,"7,889",62.38
MAZDA,EQ,02-06-2020,270.95,278.95,279.8,268.1,271.0,272.4,272.97,"7,800","21,29,177.90",347,"4,870",62.44
MAZDA,EQ,03-06-2020,272.4,273.05,278.2,268.8,271.95,271.3,273.41,"8,526","23,31,109.30",337,"4,115",48.26
MAZDA,EQ,04-06-2020,271.3,271.95,292.5,265.25,280.0,281.7,278.19,"9,855","27,41,573.95",536,"5,834",59.2
MAZDA,EQ,05-06-2020,281.7,284.0,294.0,283.0,290.0,290.95,288.88,"14,259","41,19,169.95",665,"7,865",55.16
MAZDA,EQ,08-06-2020,290.95,294.0,300.0,290.3,294.9,293.3,295.11,"6,230","18,38,537.45",442,"4,011",64.38
MAZDA,EQ,09-06-2020,293.3,296.7,296.95,285.4,289.0,287.35,289.3,"4,886","14,13,535.30",376,"3,376",69.1
MAZDA,EQ,10-06-2020,287.35,289.5,290.0,285.25,286.1,287.0,287.58,"2,840","8,16,724.70",192,"1,812",63.8
MAZDA,EQ,11-06-2020,287.0,290.05,294.05,284.0,284.65,285.1,287.76,"3,063","8,81,401.80",215,"1,859",60.69
MAZDA,EQ,12-06-2020,285.1,280.05,284.8,275.05,280.5,284.15,282.47,"4,896","13,82,950.55",167,"3,849",78.62
MAZDA,EQ,15-06-2020,284.15,286.95,286.95,280.05,282.45,282.4,283.13,956,"2,70,676.00",76,608,63.6
MAZDA,EQ,16-06-2020,282.4,288.65,288.7,275.0,275.0,276.7,280.68,"2,232","6,26,486.10",111,"1,603",71.82
MAZDA,EQ,17-06-2020,276.7,280.05,280.55,272.2,272.2,272.9,274.87,"5,320","14,62,288.30",256,"3,055",57.42
MAZDA,EQ,18-06-2020,272.9,272.5,278.95,269.0,277.8,277.6,273.9,"5,500","15,06,439.90",358,"3,227",58.67
MAZDA,EQ,19-06-2020,277.6,282.9,298.5,278.0,290.0,291.65,290.14,"9,817","28,48,282.55",608,"5,109",52.04
MAZDA,EQ,22-06-2020,291.65,295.05,299.0,286.45,287.0,289.35,292.81,"4,084","11,95,839.50",196,"3,172",77.67
MAZDA,EQ,23-06-2020,289.35,291.95,303.0,290.05,297.0,296.35,297.39,"12,794","38,04,851.80",593,"7,215",56.39
MAZDA,EQ,24-06-2020,296.35,295.2,307.3,287.2,296.0,292.2,301.55,"11,838","35,69,708.85",554,"7,699",65.04
MAZDA,EQ,25-06-2020,292.2,296.05,296.05,291.0,292.95,293.2,293.17,"3,266","9,57,506.05",384,"1,547",47.37
MAZDA,EQ,26-06-2020,293.2,295.95,300.05,291.25,295.0,294.95,295.6,"3,049","9,01,287.00",154,"2,575",84.45
MAZDA,EQ,29-06-2020,294.95,296.55,300.0,292.2,299.0,295.65,297.04,"7,672","22,78,906.35",554,"2,587",33.72
MAZDA,EQ,30-06-2020,295.65,302.0,317.95,302.0,309.8,306.15,309.95,"19,382","60,07,491.75","1,093","11,271",58.15
MAZDA,EQ,01-07-2020,306.15,315.0,315.0,302.0,302.1,305.35,306.88,"4,283","13,14,377.00",348,"2,470",57.67
MAZDA,EQ,02-07-2020,305.35,305.35,309.95,301.05,302.0,301.75,303.67,"2,875","8,73,061.90",217,"1,802",62.68
MAZDA,EQ,03-07-2020,301.75,299.95,311.9,299.95,305.0,305.95,308.62,"14,404","44,45,366.75",598,"9,261",64.29
MAZDA,EQ,06-07-2020,305.95,305.65,325.0,305.6,320.0,320.35,320.11,"16,174","51,77,401.50",757,"9,426",58.28
MAZDA,EQ,07-07-2020,320.35,328.0,333.8,316.45,330.0,330.2,326.83,"6,465","21,12,983.60",356,"4,981",77.05
MAZDA,EQ,08-07-2020,330.2,334.0,343.65,328.0,335.0,338.45,336.72,"11,951","40,24,120.45",593,"6,951",58.16
MAZDA,EQ,09-07-2020,338.45,338.0,346.0,325.0,326.15,326.65,337.14,"33,272","1,12,17,397.75",778,"14,471",43.49
MAZDA,EQ,10-07-2020,326.65,326.0,326.0,302.85,308.0,309.95,311.62,"11,030","34,37,210.55",686,"6,785",61.51
MAZDA,EQ,13-07-2020,309.95,323.7,323.7,310.2,315.25,312.5,313.77,"4,460","13,99,426.30",312,"2,556",57.31
MAZDA,EQ,14-07-2020,312.5,312.5,312.5,307.0,307.1,308.35,308.33,"4,244","13,08,540.25",186,"2,472",58.25
MAZDA,EQ,15-07-2020,308.35,308.55,317.65,308.55,311.0,310.95,313.58,"2,820","8,84,283.40",193,"1,737",61.6
MAZDA,EQ,16-07-2020,310.95,310.95,313.9,305.05,307.0,307.75,308.9,"1,125","3,47,516.55",127,931,82.76
MAZDA,EQ,17-07-2020,307.75,310.95,313.35,308.2,309.75,309.6,309.9,"3,541","10,97,370.25",122,"2,650",74.84
MAZDA,EQ,20-07-2020,309.6,313.3,315.0,298.0,300.0,299.9,303.06,"12,151","36,82,503.70",693,"6,961",57.29
MAZDA,EQ,21-07-2020,299.9,305.95,315.0,300.6,315.0,311.45,308.49,"4,080","12,58,621.35",288,"3,290",80.64
MAZDA,EQ,22-07-2020,311.45,318.9,320.05,307.4,311.8,310.4,312.71,"1,327","4,14,963.95",126,982,74.0
MAZDA,EQ,23-07-2020,310.4,308.05,315.0,304.95,309.2,309.25,309.21,"1,533","4,74,015.20",139,"1,176",76.71
MAZDA,EQ,24-07-2020,309.25,305.3,339.25,301.05,312.2,315.5,324.71,"23,168","75,22,965.70","1,287","5,155",22.25
MAZDA,EQ,27-07-2020,315.5,311.0,319.95,305.0,307.0,307.2,307.74,"3,115","9,58,612.20",235,"1,508",48.41
MAZDA,EQ,28-07-2020,307.2,317.4,317.4,305.0,311.55,313.75,311.58,"2,341","7,29,399.15",101,"1,610",68.77
MAZDA,EQ,29-07-2020,313.75,307.65,327.8,307.65,312.1,314.7,316.78,"2,715","8,60,066.00",188,"1,159",42.69
MAZDA,EQ,30-07-2020,314.7,311.05,316.9,305.0,305.2,306.5,308.57,"4,537","13,99,996.20",127,"3,123",68.83
MAZDA,EQ,31-07-2020,306.5,311.85,311.9,305.0,305.1,305.85,306.7,"3,965","12,16,049.35",92,"1,643",41.44
MAZDA,EQ,03-08-2020,305.85,310.95,320.0,307.0,313.0,311.05,312.97,"1,596","4,99,502.40",120,"1,088",68.17
MAZDA,EQ,04-08-2020,311.05,322.95,322.95,311.6,314.2,317.4,317.53,990,"3,14,355.60",57,881,88.99
MAZDA,EQ,05-08-2020,317.4,315.45,333.5,315.45,318.95,317.85,323.15,"8,982","29,02,496.75",318,"3,698",41.17
MAZDA,EQ,06-08-2020,317.85,317.05,324.0,313.6,324.0,321.65,318.49,"3,413","10,86,995.25",317,"1,515",44.39
MAZDA,EQ,07-08-2020,321.65,321.4,334.0,320.2,320.2,322.9,324.96,"23,000","74,74,126.40","1,264","6,226",27.07
MAZDA,EQ,10-08-2020,322.9,329.9,343.0,317.05,326.3,327.6,335.54,"36,182","1,21,40,566.30","1,775","15,772",43.59
MAZDA,EQ,11-08-2020,327.6,326.85,350.0,326.25,344.4,343.95,344.58,"33,949","1,16,98,189.70","1,320","17,783",52.38
MAZDA,EQ,12-08-2020,343.95,339.7,355.0,338.2,345.05,345.6,347.62,"19,935","69,29,732.60",635,"12,438",62.39
MAZDA,EQ,13-08-2020,345.6,341.95,352.0,340.1,345.95,344.9,344.48,"7,598","26,17,388.60",473,"4,695",61.79
MAZDA,EQ,14-08-2020,344.9,351.95,352.0,322.65,335.0,336.0,342.13,"10,793","36,92,630.45",549,"7,385",68.42
MAZDA,EQ,17-08-2020,336.0,350.0,350.0,338.0,343.0,345.5,343.31,"6,546","22,47,301.10",472,"4,462",68.16
MAZDA,EQ,18-08-2020,345.5,345.5,400.05,338.95,388.0,385.15,370.37,"69,611","2,57,81,822.70","2,771","37,886",54.43
MAZDA,EQ,19-08-2020,385.15,391.0,405.05,379.45,381.0,381.75,394.29,"23,936","94,37,673.55","1,111","11,334",47.35
MAZDA,EQ,20-08-2020,381.75,377.0,393.7,372.05,387.95,388.6,383.74,"8,312","31,89,639.70",988,"4,313",51.89
MAZDA,EQ,21-08-2020,388.6,386.95,428.0,386.0,424.0,421.0,416.34,"23,642","98,43,160.10","1,900","15,142",64.05
MAZDA,EQ,24-08-2020,421.0,431.0,450.1,421.55,426.05,431.8,436.22,"22,935","1,00,04,600.45","1,454","11,292",49.23
MAZDA,EQ,25-08-2020,431.8,436.8,437.45,403.25,420.0,424.6,418.39,"18,565","77,67,492.90",816,"6,152",33.14
MAZDA,EQ,26-08-2020,424.6,422.85,434.95,422.85,434.05,432.1,427.89,"5,406","23,13,150.95",390,"3,150",58.27
MAZDA,EQ,27-08-2020,432.1,443.85,443.85,430.95,435.0,435.3,435.94,"4,665","20,33,644.15",247,"3,570",76.53
MAZDA,EQ,28-08-2020,435.3,435.25,444.9,410.0,416.2,415.95,420.05,"11,903","49,99,905.50",880,"6,759",56.78
MAZDA,EQ,31-08-2020,415.95,424.95,424.95,371.35,384.95,383.0,393.45,"11,497","45,23,539.60",902,"6,079",52.87
MAZDA,EQ,01-09-2020,383.0,388.0,397.05,373.5,378.0,380.7,383.71,"3,461","13,28,023.25",327,"2,193",63.36
MAZDA,EQ,02-09-2020,380.7,378.5,387.15,376.25,385.0,382.0,380.36,"4,109","15,62,894.20",231,"2,683",65.3
MAZDA,EQ,03-09-2020,382.0,382.05,414.1,378.45,408.45,404.25,396.6,"7,622","30,22,879.35",350,"5,104",66.96
MAZDA,EQ,04-09-2020,404.25,395.05,414.0,388.25,397.5,402.5,402.55,"3,728","15,00,695.90",296,"2,587",69.39
MAZDA,EQ,07-09-2020,402.5,395.15,398.3,388.0,396.0,395.8,393.93,"5,452","21,47,707.70",416,"2,590",47.51
MAZDA,EQ,08-09-2020,395.8,395.7,406.05,385.6,395.0,390.25,396.19,"6,175","24,46,488.65",481,"3,723",60.29
MAZDA,EQ,09-09-2020,390.25,385.25,399.0,378.0,390.0,396.5,391.86,"8,387","32,86,521.35",796,"5,149",61.39
MAZDA,EQ,10-09-2020,396.5,403.5,413.0,394.35,409.2,408.05,404.87,"4,970","20,12,205.40",428,"3,211",64.61
MAZDA,EQ,11-09-2020,408.05,408.9,412.75,397.85,411.8,410.95,409.78,"5,082","20,82,488.30",693,"2,930",57.65
MAZDA,EQ,14-09-2020,410.95,401.1,484.0,401.1,460.0,456.25,451.41,"54,173","2,44,54,470.80","1,781","35,553",65.63
MAZDA,EQ,15-09-2020,456.25,460.0,477.0,445.0,451.35,453.2,451.9,"11,981","54,14,212.15",509,"9,469",79.03
MAZDA,EQ,16-09-2020,453.2,446.95,457.0,440.75,451.9,445.0,449.22,"9,749","43,79,408.50",551,"7,563",77.58
MAZDA,EQ,17-09-2020,445.0,452.3,456.25,441.65,449.45,449.5,448.74,"5,606","25,15,649.30",275,"4,755",84.82
MAZDA,EQ,18-09-2020,449.5,446.0,464.9,441.15,448.0,442.75,450.39,"9,702","43,69,663.75",666,"5,331",54.95
MAZDA,EQ,21-09-2020,442.75,449.4,454.05,435.0,440.05,438.0,442.39,"18,254","80,75,477.25",607,"13,770",75.44
MAZDA,EQ,22-09-2020,438.0,438.75,444.15,429.0,440.0,440.2,436.97,"6,581","28,75,684.25",365,"3,383",51.41
MAZDA,EQ,23-09-2020,440.2,441.75,453.85,441.7,453.5,451.2,450.27,"6,589","29,66,840.45",339,"5,399",81.94
MAZDA,EQ,24-09-2020,451.2,451.0,464.0,435.55,455.0,454.95,454.06,"13,368","60,69,880.90",822,"8,848",66.19
MAZDA,EQ,25-09-2020,454.95,466.0,534.5,466.0,510.0,506.05,507.55,"51,906","2,63,44,660.75","4,106","19,714",37.98
MAZDA,EQ,28-09-2020,506.05,525.0,543.85,505.35,539.0,533.15,524.32,"17,335","90,89,101.60","1,337","8,692",50.14
MAZDA,EQ,29-09-2020,533.15,547.65,550.0,517.55,535.0,530.95,529.09,"10,517","55,64,416.70","1,068","5,054",48.06
MAZDA,EQ,30-09-2020,530.95,529.95,574.8,522.2,559.7,564.5,556.58,"66,453","3,69,86,594.00","4,234","25,080",37.74
MAZDA,EQ,01-10-2020,564.5,569.8,580.55,556.0,559.0,562.65,573.59,"14,275","81,87,943.95","1,051","7,823",54.8
MAZDA,EQ,05-10-2020,562.65,569.7,580.0,553.35,559.65,569.1,568.51,"8,196","46,59,470.85",506,"4,986",60.83
MAZDA,EQ,06-10-2020,569.1,577.95,577.95,556.35,560.0,563.25,563.52,"4,850","27,33,083.20",307,"2,884",59.46
MAZDA,EQ,07-10-2020,563.25,558.0,567.95,548.1,548.5,549.1,556.1,"3,854","21,43,194.90",357,"3,029",78.59
MAZDA,EQ,08-10-2020,549.1,560.0,576.85,530.65,551.0,548.2,546.05,"7,054","38,51,839.45",311,"4,251",60.26
MAZDA,EQ,09-10-2020,548.2,550.0,556.05,535.0,535.05,536.95,539.64,"2,899","15,64,416.45",253,"2,124",73.27
MAZDA,EQ,12-10-2020,536.95,545.0,560.0,521.0,526.0,526.0,533.1,"5,622","29,97,096.20",494,"3,582",63.71
MAZDA,EQ,13-10-2020,526.0,525.0,533.0,520.0,524.0,525.4,524.3,"3,146","16,49,460.30",225,"1,743",55.4
MAZDA,EQ,14-10-2020,525.4,529.9,533.0,511.6,520.55,523.95,521.67,"3,310","17,26,711.65",276,"2,524",76.25
MAZDA,EQ,15-10-2020,523.95,515.5,540.85,506.6,520.5,522.75,522.31,"3,370","17,60,172.25",360,"1,488",44.15
MAZDA,EQ,16-10-2020,522.75,524.35,535.25,522.1,529.0,533.7,528.25,"3,657","19,31,795.55",178,"2,395",65.49
MAZDA,EQ,19-10-2020,533.7,527.15,544.0,527.15,538.5,542.2,537.89,"6,274","33,74,748.60",318,"3,984",63.5
MAZDA,EQ,20-10-2020,542.2,542.2,569.75,523.75,535.45,541.45,541.45,"4,123","22,32,416.95",270,"2,225",53.97
MAZDA,EQ,21-10-2020,541.45,535.45,554.55,529.15,545.0,547.65,546.48,"5,610","30,65,737.55",291,"4,155",74.06
MAZDA,EQ,22-10-2020,547.65,550.0,550.0,532.55,537.1,538.05,540.88,"2,381","12,87,823.90",104,"1,563",65.64
MAZDA,EQ,23-10-2020,538.05,543.0,565.0,543.0,559.95,559.75,555.65,"4,172","23,18,158.25",226,"2,942",70.52
MAZDA,EQ,26-10-2020,559.75,560.0,560.0,540.0,540.0,549.75,551.98,"3,741","20,64,948.10",214,"2,299",61.45
MAZDA,EQ,27-10-2020,549.75,541.3,559.75,530.6,541.15,551.75,550.3,"5,418","29,81,499.10",370,"2,266",41.82
MAZDA,EQ,28-10-2020,551.75,551.7,560.0,537.05,540.55,546.25,545.39,"2,300","12,54,405.15",190,"1,239",53.87
MAZDA,EQ,29-10-2020,546.25,541.05,543.2,525.5,535.0,532.5,534.98,"1,361","7,28,107.15",131,832,61.13
MAZDA,EQ,30-10-2020,532.5,548.7,548.7,532.5,542.5,539.6,541.07,"2,601","14,07,318.00",156,"1,270",48.83
MAZDA,EQ,02-11-2020,539.6,540.0,541.35,522.05,522.55,534.25,535.67,"1,179","6,31,552.45",163,623,52.84
MAZDA,EQ,03-11-2020,534.25,534.2,543.2,531.0,538.0,532.1,536.38,"1,356","7,27,327.25",118,740,54.57
MAZDA,EQ,04-11-2020,532.1,540.05,548.4,525.3,536.0,537.65,536.44,984,"5,27,857.90",156,464,47.15
MAZDA,EQ,05-11-2020,537.65,548.95,549.0,532.3,544.0,543.1,542.45,"4,128","22,39,245.95",195,"3,457",83.75
MAZDA,EQ,06-11-2020,543.1,545.6,549.0,533.0,540.2,548.1,543.18,"7,928","43,06,344.15",441,"3,429",43.25
MAZDA,EQ,09-11-2020,548.1,548.15,584.0,546.0,572.5,566.8,571.51,"35,479","2,02,76,730.40","2,389","10,687",30.12
MAZDA,EQ,10-11-2020,566.8,574.7,586.9,550.4,565.0,567.35,567.5,"10,149","57,59,515.00",750,"4,959",48.86
MAZDA,EQ,11-11-2020,567.35,560.2,571.0,560.2,565.0,566.1,567.04,"2,470","14,00,578.35",228,"1,744",70.61
MAZDA,EQ,12-11-2020,566.1,570.0,602.0,569.85,597.0,599.1,593.39,"42,839","2,54,20,194.65","2,467","21,940",51.22
MAZDA,EQ,13-11-2020,599.1,610.0,611.95,585.1,597.0,600.65,605.47,"24,795","1,50,12,546.30","1,787","11,924",48.09
MAZDA,EQ,14-11-2020,600.65,610.0,610.7,605.05,609.0,608.45,608.59,"8,592","52,29,045.95",685,"5,265",61.28
MAZDA,EQ,17-11-2020,608.45,621.0,624.75,610.0,618.0,617.25,618.6,"21,777","1,34,71,208.75","1,454","12,527",57.52
MAZDA,EQ,18-11-2020,617.25,620.0,620.05,598.0,600.95,601.5,604.41,"12,450","75,24,891.55",993,"6,411",51.49
MAZDA,EQ,19-11-2020,601.5,595.0,612.85,584.3,585.0,586.9,593.59,"10,470","62,14,923.95","1,058","4,251",40.6
MAZDA,EQ,20-11-2020,586.9,598.95,611.0,584.5,585.2,587.25,591.68,"3,948","23,35,945.20",353,"2,303",58.33
MAZDA,EQ,23-11-2020,587.25,585.05,597.05,570.0,590.7,590.35,584.33,"10,305","60,21,553.65",730,"4,811",46.69
MAZDA,EQ,24-11-2020,590.35,592.3,599.8,577.6,590.0,586.55,586.27,"4,032","23,63,838.80",453,"2,397",59.45
MAZDA,EQ,25-11-2020,586.55,589.95,599.0,576.5,576.95,581.75,586.78,"9,301","54,57,646.90",916,"4,890",52.57
MAZDA,EQ,26-11-2020,581.75,580.05,580.05,560.0,575.0,572.15,571.23,"4,225","24,13,429.85",431,"2,497",59.1
MAZDA,EQ,27-11-2020,572.15,572.2,579.65,554.55,563.95,560.55,564.95,"6,034","34,08,933.10",682,"3,949",65.45
MAZDA,EQ,01-12-2020,560.55,563.95,565.55,530.0,538.35,537.55,540.49,"18,550","1,00,26,003.75","1,328","10,362",55.86
MAZDA,EQ,02-12-2020,537.55,550.0,559.0,539.0,555.0,554.6,551.2,"17,119","94,35,975.80",876,"7,837",45.78
MAZDA,EQ,03-12-2020,554.6,550.0,552.6,540.4,546.0,543.3,547.74,"5,718","31,32,001.35",596,"3,665",64.1
MAZDA,EQ,04-12-2020,543.3,540.05,551.7,533.0,539.0,535.05,541.25,"5,323","28,81,095.90",478,"3,287",61.75
MAZDA,EQ,07-12-2020,535.05,550.0,573.9,540.1,571.0,569.1,566.81,"36,330","2,05,92,100.90","1,364","19,263",53.02
MAZDA,EQ,08-12-2020,569.1,583.0,583.0,560.0,560.7,561.85,569.07,"7,002","39,84,651.75",595,"4,925",70.34
MAZDA,EQ,09-12-2020,561.85,558.05,571.8,556.4,563.0,563.65,567.41,"11,511","65,31,464.10",749,"4,872",42.32
MAZDA,EQ,10-12-2020,563.65,555.0,560.0,544.05,545.15,549.2,552.7,"7,966","44,02,789.10",513,"3,457",43.4
MAZDA,EQ,11-12-2020,549.2,549.2,568.4,544.65,546.5,546.9,553.54,"4,242","23,48,114.65",395,"2,089",49.25
MAZDA,EQ,14-12-2020,546.9,554.7,559.85,543.0,543.0,547.6,549.68,"3,425","18,82,653.95",308,"1,787",52.18
MAZDA,EQ,15-12-2020,547.6,562.85,562.85,546.3,555.0,554.8,552.23,"2,388","13,18,714.25",297,"1,609",67.38
MAZDA,EQ,16-12-2020,554.8,555.05,555.05,536.55,548.0,545.2,549.56,"6,332","34,79,807.70",435,"3,188",50.35
MAZDA,EQ,17-12-2020,545.2,557.95,558.9,542.1,542.1,545.45,550.37,"6,992","38,48,175.60",172,"6,647",95.07
MAZDA,EQ,18-12-2020,545.45,545.4,548.05,526.45,531.0,533.55,533.43,"9,592","51,16,698.35",611,"4,213",43.92
MAZDA,EQ,21-12-2020,533.55,535.05,546.0,508.1,510.0,514.3,532.05,"6,655","35,40,771.10",459,"4,932",74.11
MAZDA,EQ,22-12-2020,514.3,523.95,528.9,510.0,516.1,518.85,518.91,"3,220","16,70,904.40",251,"2,265",70.34
MAZDA,EQ,23-12-2020,518.85,535.0,545.0,515.3,530.45,532.75,531.93,"10,186","54,18,284.30",282,"8,716",85.57
MAZDA,EQ,24-12-2020,532.75,534.95,537.1,508.0,516.9,514.6,519.83,"16,192","84,17,094.80",887,"11,166",68.96
MAZDA,EQ,28-12-2020,514.6,520.25,525.0,508.0,509.0,510.7,513.29,"10,827","55,57,357.35",633,"8,946",82.63
MAZDA,EQ,29-12-2020,510.7,511.4,523.9,493.05,501.0,500.65,505.62,"15,428","78,00,746.55",823,"9,013",58.42
MAZDA,EQ,30-12-2020,500.65,499.0,514.75,499.0,503.4,505.1,506.9,"10,295","52,18,526.75",528,"4,987",48.44
MAZDA,EQ,31-12-2020,505.1,505.05,513.55,503.05,511.85,507.15,507.37,"3,639","18,46,316.60",407,"2,393",65.76
MAZDA,EQ,01-01-2021,507.15,500.0,519.05,500.0,513.0,514.25,513.02,"14,929","76,58,839.50",803,"7,009",46.95
MAZDA,EQ,04-01-2021,514.25,514.0,524.85,510.5,519.0,519.65,518.51,"5,170","26,80,687.90",420,"3,235",62.57
MAZDA,EQ,05-01-2021,519.65,512.15,521.5,507.7,517.0,516.9,515.97,"2,667","13,76,086.60",254,"1,486",55.72
MAZDA,EQ,06-01-2021,516.9,517.5,523.1,508.25,508.55,509.35,516.35,"3,275","16,91,039.10",262,"2,140",65.34
MAZDA,EQ,07-01-2021,509.35,511.0,519.9,510.6,515.5,515.25,514.43,"2,594","13,34,419.45",210,"1,864",71.86
MAZDA,EQ,08-01-2021,515.25,518.75,519.9,511.1,516.0,516.55,515.7,"7,095","36,58,913.80",346,"5,018",70.73
MAZDA,EQ,11-01-2021,516.55,539.75,557.0,516.55,534.35,527.7,531.62,"12,033","63,97,003.60",695,"6,432",53.45
MAZDA,EQ,12-01-2021,527.7,520.1,535.0,520.05,528.0,527.5,528.49,"4,173","22,05,405.95",198,"2,310",55.36
MAZDA,EQ,13-01-2021,527.5,527.45,533.5,504.45,509.9,507.9,512.51,"12,509","64,10,943.65",525,"8,049",64.35
MAZDA,EQ,14-01-2021,507.9,522.0,522.0,510.0,518.1,517.35,515.99,"6,078","31,36,177.40",407,"2,838",46.69
MAZDA,EQ,15-01-2021,517.35,520.0,520.0,507.0,510.0,511.2,510.99,"2,638","13,47,995.90",263,"1,230",46.63
MAZDA,EQ,18-01-2021,511.2,523.7,524.0,507.65,523.9,516.65,514.66,"5,259","27,06,592.00",268,"4,169",79.27
MAZDA,EQ,19-01-2021,516.65,522.45,543.0,517.0,529.0,529.35,530.79,"14,201","75,37,806.95",603,"8,147",57.37
MAZDA,EQ,20-01-2021,529.35,539.0,542.45,524.95,535.0,534.65,532.74,"9,125","48,61,248.35",392,"7,149",78.35
MAZDA,EQ,21-01-2021,534.65,539.95,556.0,515.25,529.95,523.1,532.34,"10,853","57,77,454.35",880,"6,352",58.53
MAZDA,EQ,22-01-2021,523.1,524.1,534.9,513.0,516.8,519.05,527.15,"8,705","45,88,845.30",544,"3,102",35.63
MAZDA,EQ,25-01-2021,519.05,526.85,526.85,503.3,511.1,515.05,511.53,"5,686","29,08,544.30",513,"3,402",59.83
MAZDA,EQ,27-01-2021,515.05,513.8,517.85,491.0,495.0,496.1,500.61,"6,994","35,01,298.40",460,"5,175",73.99
MAZDA,EQ,28-01-2021,496.1,499.65,515.0,491.0,508.9,505.25,505.82,"2,183","11,04,207.65",278,"1,414",64.77
MAZDA,EQ,29-01-2021,505.25,509.95,520.15,497.7,505.0,501.0,503.29,"5,401","27,18,282.15",332,"3,060",56.66
MAZDA,EQ,01-02-2021,501.0,503.45,527.8,500.05,522.0,520.55,518.36,"5,920","30,68,695.55",390,"4,183",70.66
MAZDA,EQ,02-02-2021,520.55,522.95,552.2,513.05,549.75,548.75,538.03,"12,695","68,30,322.55",837,"9,412",74.14
MAZDA,EQ,03-02-2021,548.75,558.95,584.4,555.0,566.25,574.55,572.46,"48,145","2,75,60,852.70","2,634","24,091",50.04
MAZDA,EQ,04-02-2021,574.55,582.0,589.05,565.7,570.9,569.0,573.36,"13,555","77,71,857.00",992,"7,002",51.66
MAZDA,EQ,05-02-2021,569.0,568.65,599.0,568.65,580.9,582.05,587.66,"27,590","1,62,13,645.10","1,475","12,649",45.85
MAZDA,EQ,08-02-2021,582.05,580.0,601.0,566.8,584.95,585.0,591.29,"18,635","1,10,18,723.90","1,136","10,666",57.24
MAZDA,EQ,09-02-2021,585.0,589.0,589.25,571.1,575.0,577.2,580.48,"7,625","44,26,171.85",593,"3,696",48.47
MAZDA,EQ,10-02-2021,577.2,580.25,593.1,570.0,580.05,586.7,584.67,"9,436","55,16,921.95",800,"4,905",51.98
MAZDA,EQ,11-02-2021,586.7,590.0,613.95,581.45,606.0,606.35,605.63,"39,660","2,40,19,283.85","2,158","16,336",41.19
MAZDA,EQ,12-02-2021,606.35,590.0,599.45,559.6,563.0,563.25,571.84,"38,221","2,18,56,257.10","2,810","19,672",51.47
MAZDA,EQ,15-02-2021,563.25,571.5,571.7,552.3,565.0,562.85,562.71,"8,045","45,26,992.55",688,"3,489",43.37
MAZDA,EQ,16-02-2021,562.85,567.9,567.9,541.1,541.1,546.55,555.7,"6,746","37,48,726.55",463,"4,363",64.68
MAZDA,EQ,17-02-2021,546.55,540.0,558.0,536.0,546.0,545.8,545.64,"9,579","52,26,674.60",819,"3,425",35.76
MAZDA,EQ,18-02-2021,545.8,548.45,558.0,531.05,531.5,533.1,543.34,"12,810","69,60,216.30",900,"6,901",53.87
MAZDA,EQ,19-02-2021,533.1,545.0,545.0,510.0,515.4,513.45,524.93,"20,485","1,07,53,126.00",854,"14,594",71.24
MAZDA,EQ,22-02-2021,513.45,526.75,526.75,505.15,506.0,507.95,512.6,"16,513","84,64,506.65",512,"13,454",81.48
MAZDA,EQ,23-02-2021,507.95,507.0,527.95,507.0,525.95,525.85,521.88,"6,428","33,54,658.85",581,"2,768",43.06
MAZDA,EQ,24-02-2021,525.85,530.0,548.0,481.2,513.55,514.45,519.61,"1,158","6,01,707.60",219,541,46.72
MAZDA,EQ,25-02-2021,514.45,532.3,539.0,519.0,539.0,534.3,529.94,"3,453","18,29,873.65",301,"2,170",62.84
MAZDA,EQ,26-02-2021,534.3,533.05,544.7,511.05,534.9,524.65,532.9,"3,731","19,88,250.05",318,"2,367",63.44
MAZDA,EQ,01-03-2021,524.65,531.55,539.9,520.1,520.1,523.6,526.79,"2,965","15,61,923.70",346,"1,158",39.06
MAZDA,EQ,02-03-2021,523.6,537.8,537.85,513.15,522.0,520.45,521.56,"3,326","17,34,703.45",283,"1,639",49.28
MAZDA,EQ,03-03-2021,520.45,533.0,533.0,513.1,528.0,524.2,525.91,"8,605","45,25,440.40",544,"3,313",38.5
MAZDA,EQ,04-03-2021,524.2,518.55,535.0,513.1,529.0,526.6,528.09,"5,284","27,90,410.85",362,"2,321",43.93
MAZDA,EQ,05-03-2021,526.6,529.05,534.95,520.0,520.25,521.15,526.96,"3,820","20,12,992.15",317,"2,042",53.46
MAZDA,EQ,08-03-2021,521.15,532.0,532.0,517.0,521.4,517.95,520.56,"1,239","6,44,978.40",120,656,52.95
MAZDA,EQ,09-03-2021,517.95,529.7,529.7,510.2,510.2,512.6,516.33,"4,152","21,43,784.80",298,"2,537",61.1
MAZDA,EQ,10-03-2021,512.6,515.15,519.2,510.0,514.8,512.5,513.4,"3,492","17,92,803.15",466,"1,819",52.09
MAZDA,EQ,12-03-2021,512.5,521.95,524.95,510.0,519.8,517.0,517.6,"4,650","24,06,819.35",317,"2,683",57.7
MAZDA,EQ,15-03-2021,517.0,526.85,526.9,499.7,501.0,500.95,505.79,"12,019","60,79,055.15",610,"7,261",60.41
MAZDA,EQ,16-03-2021,500.95,509.1,524.0,504.1,523.95,521.05,516.92,"4,956","25,61,847.45",419,"3,142",63.4
MAZDA,EQ,17-03-2021,521.05,521.0,524.65,501.0,501.0,504.85,511.5,"2,647","13,53,940.30",282,"1,132",42.77
MAZDA,EQ,18-03-2021,504.85,514.7,514.95,491.1,499.0,497.0,503.15,"4,927","24,79,009.95",272,"3,393",68.87
MAZDA,EQ,19-03-2021,497.0,495.0,500.25,470.2,472.05,475.55,480.91,"11,557","55,57,854.75",784,"6,375",55.16
MAZDA,EQ,22-03-2021,475.55,484.0,484.0,468.45,471.65,473.25,476.92,"4,819","22,98,272.15",246,"2,220",46.07
MAZDA,EQ,23-03-2021,473.25,479.85,485.9,470.3,479.8,478.3,477.21,"6,753","32,22,590.75",276,"4,092",60.6
MAZDA,EQ,24-03-2021,478.3,480.0,484.4,470.0,470.2,471.8,477.19,"4,029","19,22,589.75",253,"2,115",52.49
MAZDA,EQ,25-03-2021,471.8,478.0,478.0,450.0,456.25,461.85,459.13,"6,857","31,48,276.60",409,"4,278",62.39
MAZDA,EQ,26-03-2021,461.85,457.0,471.45,457.0,465.0,463.75,463.68,"7,249","33,61,222.50",452,"3,392",46.79
MAZDA,EQ,30-03-2021,463.75,475.0,479.5,451.0,453.85,452.2,457.94,"5,886","26,95,422.80",433,"3,936",66.87
MAZDA,EQ,31-03-2021,452.2,459.4,461.2,450.05,450.3,451.5,454.52,"2,964","13,47,191.20",180,"1,852",62.48
MAZDA,EQ,01-04-2021,451.5,450.0,464.85,450.0,464.5,463.5,461.68,"4,209","19,43,210.85",317,"2,616",62.15
MAZDA,EQ,05-04-2021,463.5,463.9,463.9,453.4,459.0,459.2,456.78,570,"2,60,362.75",104,382,67.02
MAZDA,EQ,06-04-2021,459.2,450.0,471.8,450.0,460.0,459.05,465.12,"4,975","23,13,950.25",317,"2,203",44.28
MAZDA,EQ,07-04-2021,459.05,471.9,471.9,455.0,455.0,458.25,458.87,"10,556","48,43,853.85",396,"7,013",66.44
MAZDA,EQ,08-04-2021,458.25,461.5,463.35,456.4,460.0,461.05,460.39,"4,526","20,83,738.15",436,"3,147",69.53
MAZDA,EQ,09-04-2021,461.05,457.1,464.7,451.15,455.7,455.85,459.3,"6,296","28,91,766.85",420,"2,938",46.66
MAZDA,EQ,12-04-2021,455.85,460.0,460.0,432.95,442.0,438.5,441.02,"9,619","42,42,185.45",718,"6,475",67.31
MAZDA,EQ,13-04-2021,438.5,438.25,444.95,432.15,444.75,441.2,440.34,"2,990","13,16,609.60",220,"1,752",58.6
MAZDA,EQ,15-04-2021,441.2,440.65,444.15,436.25,441.0,440.15,439.92,"3,538","15,56,437.85",336,"2,004",56.64
MAZDA,EQ,16-04-2021,440.15,441.15,444.95,425.1,425.1,432.2,438.29,"8,329","36,50,506.20",633,"5,140",61.71
MAZDA,EQ,19-04-2021,432.2,425.1,439.9,415.0,439.9,429.55,425.06,"6,592","28,01,973.85",391,"4,057",61.54
MAZDA,EQ,20-04-2021,429.55,437.8,454.7,430.1,440.0,436.8,441.18,"10,398","45,87,360.40",604,"5,374",51.68
MAZDA,EQ,22-04-2021,436.8,435.4,454.9,421.9,449.0,444.0,445.26,"5,911","26,31,917.00",485,"3,068",51.9
MAZDA,EQ,23-04-2021,444.0,449.9,453.5,440.0,449.0,446.15,447.54,"8,727","39,05,674.80",422,"6,942",79.55
MAZDA,EQ,26-04-2021,446.15,449.0,454.95,441.95,442.05,443.0,444.83,"1,384","6,15,640.60",176,881,63.66
MAZDA,EQ,27-04-2021,443.0,436.0,464.4,436.0,453.95,449.65,454.64,"6,515","29,61,970.65",399,"3,458",53.08
MAZDA,EQ,28-04-2021,449.65,459.95,459.95,446.0,446.0,446.8,449.86,"3,295","14,82,274.65",246,"2,314",70.23
MAZDA,EQ,29-04-2021,446.8,456.85,456.9,450.55,456.85,455.95,451.67,"2,131","9,62,507.15",123,"1,950",91.51
MAZDA,EQ,30-04-2021,455.95,455.9,459.0,449.05,449.55,451.05,450.92,"35,255","1,58,97,360.75",443,"17,287",49.03
MAZDA,EQ,03-05-2021,451.05,463.0,463.0,450.5,459.0,456.05,453.43,"8,681","39,36,192.90",187,"6,496",74.83
MAZDA,EQ,04-05-2021,456.05,454.95,488.65,454.95,475.5,473.4,472.56,"22,880","1,08,12,252.35",593,"14,517",63.45
MAZDA,EQ,05-05-2021,473.4,466.05,488.0,463.25,472.2,472.45,475.39,"6,031","28,67,094.30",315,"3,678",60.98
MAZDA,EQ,06-05-2021,472.45,471.95,492.2,469.05,473.5,473.85,477.96,"10,529","50,32,446.05",524,"5,541",52.63
MAZDA,EQ,07-05-2021,473.85,472.8,480.0,469.8,476.25,478.2,476.02,"7,730","36,79,614.20",344,"5,767",74.61
MAZDA,EQ,10-05-2021,478.2,484.0,484.0,470.75,481.0,478.8,475.64,"7,806","37,12,827.80",528,"5,666",72.59
MAZDA,EQ,11-05-2021,478.8,469.25,487.0,467.95,478.5,475.75,479.39,"8,113","38,89,284.80",601,"5,617",69.23
MAZDA,EQ,12-05-2021,475.75,477.2,489.75,475.0,475.0,477.75,481.58,"12,022","57,89,525.30",623,"5,764",47.95
MAZDA,EQ,14-05-2021,477.75,475.0,484.3,455.2,455.25,458.25,467.45,"9,343","43,67,419.20",861,"5,402",57.82
MAZDA,EQ,17-05-2021,458.25,473.95,480.0,457.55,464.95,466.6,467.5,"7,397","34,58,130.55",454,"4,552",61.54
MAZDA,EQ,18-05-2021,466.6,458.65,468.7,455.1,460.4,462.6,461.65,"9,621","44,41,491.30",567,"5,573",57.93
MAZDA,EQ,19-05-2021,462.6,465.05,511.3,463.25,492.0,490.8,493.0,"42,083","2,07,47,099.95","2,718","15,441",36.69
MAZDA,EQ,20-05-2021,490.8,504.0,507.0,486.85,498.8,500.2,500.49,"13,793","69,03,305.15",883,"7,516",54.49
MAZDA,EQ,21-05-2021,500.2,500.05,520.0,492.55,498.05,504.4,507.02,"17,804","90,27,061.20",934,"9,250",51.95
MAZDA,EQ,24-05-2021,504.4,501.3,503.9,493.1,495.55,496.95,499.73,"8,928","44,61,555.90",400,"6,370",71.35
MAZDA,EQ,25-05-2021,496.95,505.0,579.0,498.95,570.45,567.55,545.9,"88,833","4,84,93,815.15","4,873","42,442",47.78
MAZDA,EQ,26-05-2021,567.55,569.0,587.0,561.05,579.0,577.6,576.45,"23,880","1,37,65,579.50","1,592","14,114",59.1
MAZDA,EQ,27-05-2021,577.6,588.95,588.95,557.0,567.0,569.05,569.37,"27,909","1,58,90,636.55","1,323","19,093",68.41
MAZDA,EQ,28-05-2021,569.05,574.55,682.85,572.25,682.85,682.85,643.62,"2,31,383","14,89,22,598.80","13,329","93,241",40.3
MAZDA,EQ,31-05-2021,682.85,714.0,752.95,655.25,715.0,720.85,713.77,"3,42,204","24,42,53,800.45","22,923","77,015",22.51
MAZDA,EQ,01-06-2021,720.85,724.9,724.9,659.1,662.25,665.1,681.06,"62,946","4,28,69,975.00","3,432","30,479",48.42
MAZDA,EQ,02-06-2021,665.1,660.0,685.0,648.05,651.5,653.0,664.08,"25,121","1,66,82,421.25","2,065","14,122",56.22
MAZDA,EQ,03-06-2021,653.0,657.8,659.75,636.0,647.0,651.45,650.76,"22,854","1,48,72,570.05","1,302","11,471",50.19
MAZDA,EQ,04-06-2021,651.45,652.45,659.5,642.0,645.55,654.3,651.85,"16,763","1,09,27,007.65",828,"9,004",53.71
MAZDA,EQ,07-06-2021,654.3,655.0,678.95,634.0,650.0,649.05,653.12,"40,354","2,63,56,052.55","1,988","14,681",36.38
MAZDA,EQ,08-06-2021,649.05,655.0,699.8,641.1,677.55,682.6,675.68,"57,756","3,90,24,384.80","2,832","26,832",46.46
MAZDA,EQ,09-06-2021,682.6,694.0,698.0,656.2,670.0,662.2,682.67,"34,640","2,36,47,856.55","2,455","15,255",44.04
MAZDA,EQ,10-06-2021,662.2,666.2,682.0,653.55,664.7,659.4,667.19,"9,244","61,67,544.55",728,"5,078",54.93
MAZDA,EQ,11-06-2021,659.4,671.8,672.3,644.0,654.0,652.3,656.4,"12,358","81,11,787.30",993,"6,935",56.12
MAZDA,EQ,14-06-2021,652.3,670.0,674.8,633.2,649.9,649.7,651.17,"21,391","1,39,29,165.80","1,158","11,602",54.24
MAZDA,EQ,15-06-2021,649.7,660.95,661.0,636.05,640.0,644.0,645.68,"9,712","62,70,878.05",791,"4,930",50.76
MAZDA,EQ,16-06-2021,644.0,652.0,652.0,623.2,631.5,631.95,635.52,"8,933","56,77,088.15","1,182","3,708",41.51
MAZDA,EQ,17-06-2021,631.95,633.05,645.9,614.05,623.5,624.05,629.09,"13,653","85,88,943.70",782,"7,656",56.08
MAZDA,EQ,18-06-2021,624.05,639.35,639.5,589.0,614.0,612.3,611.8,"7,200","44,04,926.95",817,"3,878",53.86
MAZDA,EQ,21-06-2021,612.3,619.0,640.0,607.0,619.0,616.95,623.73,"9,347","58,29,996.85","1,168","2,897",30.99
MAZDA,EQ,22-06-2021,616.95,620.35,645.0,620.0,626.0,628.1,632.28,"8,431","53,30,771.50",744,"4,230",50.17
MAZDA,EQ,23-06-2021,628.1,629.65,640.8,628.95,638.7,635.45,634.9,"3,036","19,27,564.90",338,"2,018",66.47
MAZDA,EQ,24-06-2021,635.45,644.0,650.6,634.15,634.2,635.1,641.93,"5,820","37,36,058.30",503,"2,604",44.74
MAZDA,EQ,25-06-2021,635.1,647.05,647.05,628.3,632.0,636.3,636.86,"3,975","25,31,504.20",638,"1,239",31.17
MAZDA,EQ,28-06-2021,636.3,632.0,648.7,630.0,639.8,637.35,639.51,"3,583","22,91,353.75",610,"1,555",43.4
MAZDA,EQ,29-06-2021,637.35,620.0,620.0,595.0,599.0,599.3,604.91,"27,302","1,65,15,235.40","1,545","17,316",63.42
MAZDA,EQ,30-06-2021,599.3,613.7,626.0,602.0,615.4,616.65,617.68,"9,936","61,37,261.65",772,"6,159",61.99
MAZDA,EQ,01-07-2021,616.65,610.7,622.0,598.0,604.5,601.75,606.56,"8,121","49,25,894.45",639,"4,362",53.71
MAZDA,EQ,02-07-2021,601.75,605.7,611.95,592.2,599.85,596.2,602.42,"11,541","69,52,485.30","1,005","7,609",65.93
MAZDA,EQ,05-07-2021,596.2,603.15,610.4,591.0,591.65,593.15,598.21,"10,255","61,34,610.70",844,"7,032",68.57
MAZDA,EQ,06-07-2021,593.15,598.8,652.45,595.1,652.0,650.1,636.88,"76,722","4,88,62,941.75","2,720","28,877",37.64
MAZDA,EQ,07-07-2021,650.1,644.0,649.75,615.2,621.0,622.45,629.17,"28,501","1,79,31,995.10","1,822","12,795",44.89
MAZDA,EQ,08-07-2021,622.45,634.8,634.8,607.0,614.0,608.7,612.93,"15,153","92,87,713.15","1,110","7,306",48.21
MAZDA,EQ,09-07-2021,608.7,617.0,634.8,609.6,621.5,628.3,624.04,"11,162","69,65,537.15",802,"7,322",65.6
MAZDA,EQ,12-07-2021,628.3,632.0,637.0,614.95,618.6,623.8,627.64,"5,556","34,87,159.45",572,"2,697",48.54
MAZDA,EQ,13-07-2021,623.8,632.0,633.0,616.0,616.4,617.75,622.43,"3,829","23,83,268.50",477,"2,015",52.62
MAZDA,EQ,14-07-2021,617.75,617.7,632.0,612.0,615.0,615.95,621.11,"6,868","42,65,751.30",722,"2,858",41.61
MAZDA,EQ,15-07-2021,615.95,615.0,627.05,610.0,610.0,612.95,616.05,"6,248","38,49,099.80",442,"3,222",51.57
MAZDA,EQ,16-07-2021,612.95,615.05,621.95,607.95,618.3,616.45,614.86,"3,236","19,89,671.30",492,"1,667",51.51
MAZDA,EQ,19-07-2021,616.45,621.0,621.1,601.1,604.7,604.55,607.41,"6,770","41,12,138.75",802,"3,579",52.87
MAZDA,EQ,20-07-2021,604.55,616.6,616.6,588.0,596.0,593.3,597.37,"5,771","34,47,425.00",620,"3,025",52.42
MAZDA,EQ,22-07-2021,593.3,600.0,609.95,597.15,606.0,600.8,602.37,"4,342","26,15,476.10",434,"2,183",50.28
MAZDA,EQ,23-07-2021,600.8,606.4,635.0,590.8,620.0,615.8,614.23,"21,565","1,32,45,878.15","1,211","8,006",37.12
MAZDA,EQ,26-07-2021,615.8,621.0,621.0,602.95,603.2,604.0,609.41,"2,766","16,85,629.45",420,"1,419",51.3
MAZDA,EQ,27-07-2021,604.0,607.95,617.95,591.0,597.0,596.45,602.38,"3,983","23,99,286.35",502,"2,023",50.79
MAZDA,EQ,28-07-2021,596.45,605.85,607.95,595.0,595.5,602.6,599.96,"3,268","19,60,664.20",279,"1,876",57.41
MAZDA,EQ,29-07-2021,602.6,607.7,607.7,569.95,575.35,577.3,583.2,"16,222","94,60,652.85","1,650","9,668",59.6
MAZDA,EQ,30-07-2021,577.3,584.6,598.7,579.95,591.4,590.2,586.51,"12,397","72,70,998.60",654,"8,876",71.6
MAZDA,EQ,02-08-2021,590.2,605.0,605.0,580.1,581.1,586.7,590.57,"4,010","23,68,175.80",429,"2,438",60.8
MAZDA,EQ,03-08-2021,586.7,588.95,593.9,579.05,581.35,583.25,586.19,"6,649","38,97,565.60",414,"3,958",59.53
MAZDA,EQ,04-08-2021,583.25,597.45,598.0,555.0,562.25,563.7,574.96,"9,567","55,00,645.35",992,"4,628",48.37
MAZDA,EQ,05-08-2021,563.7,574.35,574.35,537.25,540.9,542.3,549.66,"12,044","66,20,101.95","1,005","6,644",55.16
MAZDA,EQ,06-08-2021,542.3,554.5,646.5,547.8,635.0,636.25,628.22,"1,32,018","8,29,36,600.50","8,684","31,215",23.64
MAZDA,EQ,09-08-2021,636.25,638.0,653.0,600.0,600.5,607.0,624.88,"57,195","3,57,40,019.85","5,857","24,387",42.64
MAZDA,EQ,10-08-2021,607.0,608.0,633.15,572.65,582.6,584.6,608.61,"22,872","1,39,20,111.00","3,295","8,447",36.93
MAZDA,EQ,11-08-2021,584.6,584.85,602.5,555.0,561.2,565.45,570.01,"13,689","78,02,864.60","1,272","7,179",52.44
MAZDA,EQ,12-08-2021,565.45,570.0,607.0,570.0,592.0,594.1,593.72,"8,333","49,47,458.10","1,358","4,071",48.85
MAZDA,EQ,13-08-2021,594.1,601.0,652.0,588.45,593.25,590.95,614.09,"31,347","1,92,50,008.95","3,287","15,166",48.38
MAZDA,EQ,16-08-2021,590.95,590.1,597.5,575.0,575.25,579.45,585.95,"10,508","61,57,166.90","1,090","6,001",57.11
MAZDA,EQ,17-08-2021,579.45,571.3,593.9,565.1,570.0,569.6,572.27,"6,308","36,09,907.40",511,"3,229",51.19
MAZDA,EQ,18-08-2021,569.6,576.3,587.6,562.25,565.0,567.95,570.11,"9,293","52,98,071.90",642,"7,242",77.93
MAZDA,EQ,20-08-2021,567.95,567.95,579.9,547.25,555.0,551.05,554.33,"6,932","38,42,642.75",667,"3,967",57.23
MAZDA,EQ,23-08-2021,551.05,580.0,580.0,540.0,544.65,542.3,551.93,"6,718","37,07,862.30",576,"3,924",58.41
MAZDA,EQ,24-08-2021,542.3,550.0,551.05,532.45,551.05,539.85,539.31,"7,763","41,86,675.45",574,"4,434",57.12
MAZDA,EQ,25-08-2021,539.85,549.95,584.95,545.8,555.1,559.7,558.73,"13,053","72,93,111.55",595,"7,913",60.62
MAZDA,EQ,26-08-2021,559.7,562.95,636.0,562.85,594.0,598.4,615.07,"1,40,755","8,65,73,981.25","11,956","37,134",26.38
MAZDA,EQ,27-08-2021,598.4,598.4,621.55,591.55,615.0,615.5,612.47,"32,457","1,98,78,802.40","3,042","16,855",51.93
MAZDA,EQ,30-08-2021,615.5,615.5,623.85,606.35,611.65,611.85,616.67,"14,759","91,01,503.70","1,223","7,662",51.91
MAZDA,EQ,31-08-2021,611.85,612.0,617.9,583.0,595.0,592.6,595.72,"23,241","1,38,45,017.85","1,632","11,438",49.21
MAZDA,EQ,01-09-2021,592.6,600.05,600.05,581.2,595.0,594.15,588.82,"7,090","41,74,736.85",675,"2,804",39.55
MAZDA,EQ,02-09-2021,594.15,594.15,626.95,588.65,605.0,606.2,608.85,"15,032","91,52,255.30","1,181","8,188",54.47
MAZDA,EQ,03-09-2021,606.2,620.0,620.0,597.85,600.0,602.1,602.5,"11,079","66,75,093.40",544,"6,678",60.28
MAZDA,EQ,06-09-2021,602.1,610.0,619.95,602.35,610.0,609.95,609.89,"6,806","41,50,939.90",660,"3,388",49.78
MAZDA,EQ,07-09-2021,609.95,618.8,619.0,600.55,606.0,603.15,608.65,"11,062","67,32,843.75",739,"5,158",46.63
MAZDA,EQ,08-09-2021,603.15,598.5,603.15,592.0,594.55,597.15,597.93,"4,548","27,19,398.05",316,"3,309",72.76
MAZDA,EQ,09-09-2021,597.15,603.0,607.5,592.6,600.3,602.7,601.85,"11,068","66,61,277.00",542,"7,875",71.15
MAZDA,EQ,13-09-2021,602.7,600.0,615.0,599.0,611.0,608.8,606.83,"9,740","59,10,476.55",370,"7,184",73.76
MAZDA,EQ,14-09-2021,608.8,624.9,626.0,601.0,620.0,621.65,618.27,"13,450","83,15,671.50",664,"8,770",65.2
MAZDA,EQ,15-09-2021,621.65,629.8,745.95,620.0,734.7,736.95,701.97,"3,29,655","23,14,09,124.15","19,499","99,360",30.14
MAZDA,EQ,16-09-2021,736.95,737.0,737.0,675.55,685.0,686.75,698.18,"1,19,212","8,32,31,268.25","10,507","54,989",46.13
MAZDA,EQ,17-09-2021,686.75,689.0,693.9,654.0,664.05,663.45,670.79,"45,276","3,03,70,823.60","2,602","30,511",67.39
MAZDA,EQ,20-09-2021,663.45,659.95,659.95,633.3,640.05,641.95,648.12,"25,480","1,65,14,096.30","1,743","16,174",63.48
MAZDA,EQ,21-09-2021,641.95,640.0,667.05,621.0,654.7,656.0,648.96,"26,617","1,72,73,341.10","2,330","12,666",47.59
MAZDA,EQ,22-09-2021,656.0,664.3,665.5,643.0,664.0,655.65,655.96,"15,410","1,01,08,343.50","1,400","6,804",44.15
MAZDA,EQ,23-09-2021,655.65,650.0,666.0,639.6,650.0,650.05,650.22,"21,267","1,38,28,221.80","1,502","11,311",53.19
MAZDA,EQ,24-09-2021,650.05,655.0,685.0,650.0,670.0,671.45,671.68,"29,219","1,96,25,750.55","2,387","13,356",45.71
MAZDA,EQ,27-09-2021,671.45,675.0,686.55,653.6,671.0,672.55,671.51,"17,251","1,15,84,200.55","1,352","9,900",57.39
MAZDA,EQ,28-09-2021,672.55,665.35,677.4,661.05,669.0,668.45,668.14,"6,997","46,75,009.45","1,015","3,874",55.37
MAZDA,EQ,29-09-2021,668.45,660.0,671.9,653.1,671.9,668.85,665.14,"12,492","83,08,897.85",978,"9,160",73.33
MAZDA,EQ,30-09-2021,668.85,673.0,684.8,672.0,672.55,674.85,676.92,"14,671","99,31,110.50",937,"6,959",47.43
MAZDA,EQ,01-10-2021,674.85,681.0,690.05,667.05,677.1,678.85,680.3,"10,942","74,43,890.10","1,133","6,099",55.74
MAZDA,EQ,04-10-2021,678.85,682.0,689.75,666.55,668.05,669.5,676.35,"8,832","59,73,484.90",618,"5,335",60.41
MAZDA,EQ,05-10-2021,669.5,679.9,679.9,656.95,671.0,666.75,667.03,"7,146","47,66,605.35",473,"3,512",49.15
MAZDA,EQ,06-10-2021,666.75,671.1,673.0,655.0,669.85,667.8,663.77,"7,959","52,82,945.10",588,"4,767",59.89
MAZDA,EQ,07-10-2021,667.8,667.85,727.35,656.8,702.0,703.6,698.33,"30,911","2,15,86,171.35","1,909","15,317",49.55
MAZDA,EQ,08-10-2021,703.6,703.6,723.75,685.25,687.0,687.9,698.98,"18,032","1,26,03,990.05","1,835","7,425",41.18
MAZDA,EQ,11-10-2021,687.9,698.25,698.25,664.05,675.0,674.7,674.48,"11,775","79,42,060.50",858,"5,979",50.78
MAZDA,EQ,12-10-2021,674.7,675.1,684.8,668.0,677.0,678.0,677.97,"9,112","61,77,688.25",451,"3,858",42.34
MAZDA,EQ,13-10-2021,678.0,682.0,694.85,667.5,674.0,669.8,677.17,"12,825","86,84,724.45","1,060","4,343",33.86
MAZDA,EQ,14-10-2021,669.8,675.2,683.95,666.0,668.0,674.9,675.36,"15,513","1,04,76,899.25",894,"8,093",52.17
MAZDA,EQ,18-10-2021,674.9,685.0,685.0,664.0,678.0,669.05,673.28,"8,108","54,58,961.30",678,"3,498",43.14
MAZDA,EQ,19-10-2021,669.05,669.25,679.95,646.0,646.05,654.75,660.8,"7,628","50,40,544.80",756,"4,213",55.23
MAZDA,EQ,20-10-2021,654.75,651.0,654.0,636.0,642.0,640.6,644.94,"2,466","15,90,411.80",313,"1,526",61.88
MAZDA,EQ,21-10-2021,640.6,645.0,660.55,626.15,648.95,641.95,642.74,"4,936","31,72,554.40",532,"2,566",51.99
MAZDA,EQ,22-10-2021,641.95,633.75,645.75,620.05,630.5,627.7,629.77,"3,010","18,95,607.50",395,"1,351",44.88
MAZDA,EQ,25-10-2021,627.7,630.1,630.1,606.05,621.5,616.65,616.24,"9,587","59,07,873.05",738,"2,932",30.58
MAZDA,EQ,26-10-2021,616.65,639.25,639.25,620.15,629.25,628.8,630.02,"3,439","21,66,629.85",383,"1,102",32.04
MAZDA,EQ,27-10-2021,628.8,643.15,644.8,620.3,625.0,629.4,635.57,"5,201","33,05,581.60",413,"2,026",38.95
MAZDA,EQ,28-10-2021,629.4,625.95,638.35,600.0,601.0,608.5,616.36,"8,754","53,95,585.85",773,"5,522",63.08
MAZDA,EQ,29-10-2021,608.5,601.0,625.75,595.1,600.0,601.35,609.09,"3,435","20,92,232.85",380,"2,259",65.76
MAZDA,EQ,01-11-2021,601.35,634.95,634.95,605.0,612.0,611.2,610.77,"1,538","9,39,370.10",185,"1,119",72.76
MAZDA,EQ,02-11-2021,611.2,613.0,628.85,605.05,621.0,619.35,618.02,"2,358","14,57,299.55",229,"1,522",64.55
MAZDA,EQ,03-11-2021,619.35,620.0,632.65,608.5,623.5,618.6,620.67,"2,120","13,15,809.95",289,565,26.65
MAZDA,EQ,04-11-2021,618.6,627.75,630.0,610.25,611.0,614.95,616.83,"1,463","9,02,419.30",129,805,55.02
MAZDA,EQ,08-11-2021,614.95,625.0,639.0,616.2,639.0,631.0,628.43,"3,363","21,13,398.00",331,"2,235",66.46
MAZDA,EQ,09-11-2021,631.0,621.0,679.9,621.0,671.5,658.05,661.92,"10,644","70,45,506.05","1,185","4,617",43.38
MAZDA,EQ,10-11-2021,658.05,651.15,666.0,635.1,651.05,653.8,653.69,"6,389","41,76,404.95",413,"3,149",49.29
MAZDA,EQ,11-11-2021,653.8,661.0,661.0,635.0,647.95,637.05,640.59,"6,002","38,44,847.00",322,"1,934",32.22
MAZDA,EQ,12-11-2021,637.05,642.0,657.8,626.05,627.0,628.15,636.3,"7,217","45,92,205.10",698,"3,775",52.31
MAZDA,EQ,15-11-2021,628.15,650.0,650.0,625.0,640.0,638.8,634.53,"2,659","16,87,222.90",289,"1,160",43.63
MAZDA,EQ,16-11-2021,638.8,640.0,644.55,627.1,632.5,631.9,631.76,831,"5,24,990.25",152,542,65.22
MAZDA,EQ,17-11-2021,631.9,630.45,635.0,618.0,618.0,623.45,625.66,"1,635","10,22,948.15",309,990,60.55
MAZDA,EQ,18-11-2021,623.45,632.7,633.0,608.35,629.0,621.15,620.44,"5,665","35,14,809.95",345,"4,291",75.75
MAZDA,EQ,22-11-2021,621.15,639.9,639.9,595.5,605.0,601.85,608.5,"5,461","33,23,008.60",456,"3,357",61.47
MAZDA,EQ,23-11-2021,601.85,601.05,624.85,601.05,624.85,618.35,615.26,"1,540","9,47,502.10",177,943,61.23
MAZDA,EQ,24-11-2021,618.35,620.35,639.0,620.0,620.0,625.9,632.0,"4,652","29,40,083.20",171,"3,559",76.5
MAZDA,EQ,25-11-2021,625.9,638.0,638.0,620.0,635.0,632.25,632.8,"2,988","18,90,819.40",169,"2,189",73.26
MAZDA,EQ,26-11-2021,632.25,638.0,638.0,614.45,625.0,629.25,629.99,"1,990","12,53,679.80",164,"1,328",66.73
MAZDA,EQ,29-11-2021,629.25,628.3,628.6,606.0,606.0,609.1,615.36,"4,692","28,87,272.55",512,"3,552",75.7
MAZDA,EQ,30-11-2021,609.1,617.4,635.7,615.0,620.0,616.7,621.47,"4,077","25,33,725.60",264,"2,237",54.87
MAZDA,EQ,01-12-2021,616.7,627.3,647.0,619.05,630.0,638.0,637.35,"11,045","70,39,534.20",891,"7,732",70.0
MAZDA,EQ,02-12-2021,638.0,648.7,651.65,632.0,640.0,637.3,641.3,"3,409","21,86,184.70",277,"1,973",57.88
MAZDA,EQ,03-12-2021,637.3,645.95,647.35,627.6,644.9,641.0,639.13,"4,160","26,58,772.60",509,"2,736",65.77
MAZDA,EQ,06-12-2021,641.0,630.05,648.0,626.1,639.0,632.65,633.85,"2,989","18,94,566.05",274,"1,918",64.17
MAZDA,EQ,07-12-2021,632.65,623.6,645.0,623.5,635.9,636.55,638.58,953,"6,08,563.30",126,537,56.35
MAZDA,EQ,08-12-2021,636.55,658.95,659.0,641.0,646.0,647.75,647.87,"12,109","78,45,040.70",703,"6,608",54.57
MAZDA,EQ,09-12-2021,647.75,650.95,659.0,643.8,646.55,650.8,652.58,"3,160","20,62,166.55",228,"2,333",73.83
MAZDA,EQ,10-12-2021,650.8,644.8,658.0,640.0,640.0,646.65,648.11,"7,465","48,38,143.70",380,"3,439",46.07
MAZDA,EQ,13-12-2021,646.65,659.0,660.0,647.0,657.0,654.6,656.0,"3,735","24,50,161.85",385,"2,735",73.23
MAZDA,EQ,14-12-2021,654.6,645.8,659.95,641.65,659.0,648.65,650.48,"3,839","24,97,206.25",388,"2,801",72.96
MAZDA,EQ,15-12-2021,648.65,652.1,658.1,640.0,640.0,641.9,651.48,"4,605","30,00,081.65",222,"2,204",47.86
MAZDA,EQ,16-12-2021,641.9,644.6,653.55,632.0,632.2,636.55,640.56,"1,584","10,14,640.50",215,800,50.51
MAZDA,EQ,17-12-2021,636.55,637.05,644.6,615.75,616.0,619.4,626.63,"1,955","12,25,065.10",274,912,46.65
MAZDA,EQ,20-12-2021,619.4,638.5,638.5,582.45,588.05,591.15,596.55,"3,360","20,04,402.70",360,"1,725",51.34
MAZDA,EQ,21-12-2021,591.15,593.1,623.85,590.0,595.85,600.4,604.57,"7,496","45,31,836.35",329,"3,803",50.73
MAZDA,EQ,22-12-2021,600.4,603.1,622.1,599.0,610.0,608.4,611.92,"3,701","22,64,697.65",286,"1,646",44.47
MAZDA,EQ,23-12-2021,608.4,623.1,623.1,604.9,610.0,610.4,613.86,"4,488","27,55,010.45",217,"2,081",46.37
MAZDA,EQ,24-12-2021,610.4,612.0,616.0,601.65,610.0,610.3,608.99,"1,538","9,36,623.35",137,"1,248",81.14
MAZDA,EQ,27-12-2021,610.3,625.4,625.4,608.45,610.0,616.55,617.03,"1,109","6,84,290.25",129,736,66.37
MAZDA,EQ,28-12-2021,616.55,616.55,620.0,606.7,610.0,610.65,613.53,"2,079","12,75,521.20",192,"1,153",55.46
MAZDA,EQ,29-12-2021,610.65,605.0,624.8,605.0,605.0,608.7,617.29,"9,662","59,64,251.55",340,"5,132",53.12
MAZDA,EQ,30-12-2021,608.7,602.7,615.9,602.7,606.0,611.65,610.48,"3,734","22,79,530.45",297,"2,437",65.27
MAZDA,EQ,31-12-2021,611.65,617.7,617.7,610.0,614.0,613.1,614.13,"2,294","14,08,819.80",139,"1,745",76.07
MAZDA,EQ,03-01-2022,613.1,605.3,623.9,605.3,606.1,607.95,613.52,"2,744","16,83,508.45",364,"1,963",71.54
MAZDA,EQ,04-01-2022,607.95,612.0,628.0,606.0,608.5,610.25,614.7,"5,119","31,46,658.65",343,"2,695",52.65
MAZDA,EQ,05-01-2022,610.25,611.9,625.0,611.9,624.5,621.55,619.16,"2,052","12,70,518.10",157,"1,358",66.18
MAZDA,EQ,06-01-2022,621.55,622.4,649.0,614.85,644.95,642.2,638.08,"8,668","55,30,918.60",588,"4,752",54.82
MAZDA,EQ,07-01-2022,642.2,650.0,660.0,618.3,620.1,622.5,641.03,"12,004","76,94,950.20",690,"7,807",65.04
MAZDA,EQ,10-01-2022,622.5,639.95,639.95,610.65,616.05,617.25,620.65,"6,876","42,67,612.70",531,"3,884",56.49
MAZDA,EQ,11-01-2022,617.25,617.05,624.8,611.25,618.0,615.45,614.97,"2,093","12,87,131.85",184,"1,594",76.16
MAZDA,EQ,12-01-2022,615.45,619.6,624.2,609.05,610.0,610.6,613.7,"3,809","23,37,588.90",291,"2,068",54.29
MAZDA,EQ,13-01-2022,610.6,611.1,633.1,611.05,616.0,616.6,619.9,"3,821","23,68,644.10",279,"2,619",68.54
MAZDA,EQ,14-01-2022,616.6,625.85,626.5,615.0,615.0,616.35,618.75,592,"3,66,299.10",84,267,45.1
MAZDA,EQ,17-01-2022,616.35,632.4,634.0,611.2,634.0,626.1,621.5,"2,453","15,24,527.70",171,"1,537",62.66
MAZDA,EQ,18-01-2022,626.1,634.0,635.15,611.3,615.0,615.05,624.88,"4,350","27,18,239.00",314,"2,472",56.83
MAZDA,EQ,19-01-2022,615.05,612.6,619.0,605.0,613.5,613.1,613.79,"2,452","15,05,022.95",180,"1,590",64.85
MAZDA,EQ,20-01-2022,613.1,610.75,629.8,610.0,629.8,624.45,620.45,"3,098","19,22,147.50",204,"1,997",64.46
MAZDA,EQ,21-01-2022,624.45,633.95,638.9,601.05,605.05,606.5,620.35,"4,467","27,71,099.60",452,"2,357",52.76
MAZDA,EQ,24-01-2022,606.5,606.5,609.9,578.0,583.0,583.8,588.91,"3,404","20,04,637.20",274,"2,316",68.04
MAZDA,EQ,25-01-2022,583.8,609.75,609.75,549.0,560.05,561.45,561.6,"19,272","1,08,23,172.50","1,253","9,632",49.98
MAZDA,EQ,27-01-2022,561.45,583.0,610.0,555.0,585.5,596.55,578.72,"17,873","1,03,43,431.40","1,109","6,984",39.08
MAZDA,EQ,28-01-2022,596.55,596.55,611.0,580.0,585.3,589.85,596.0,"4,563","27,19,533.90",524,"2,426",53.17
MAZDA,EQ,31-01-2022,589.85,607.55,607.55,584.0,590.0,592.1,595.11,"5,540","32,96,913.65",308,"3,033",54.75
MAZDA,EQ,01-02-2022,592.1,590.0,604.15,586.0,598.0,598.9,595.87,"2,090","12,45,366.75",307,992,47.46
MAZDA,EQ,02-02-2022,598.9,597.95,659.9,597.65,640.7,636.35,641.53,"31,059","1,99,25,304.75","2,277","13,216",42.55
MAZDA,EQ,03-02-2022,636.35,632.05,657.0,631.05,633.5,635.4,641.64,"8,341","53,51,887.30",823,"3,105",37.23
MAZDA,EQ,04-02-2022,635.4,634.3,645.0,622.0,629.9,628.0,631.99,"5,323","33,64,088.60",318,"2,209",41.5
MAZDA,EQ,07-02-2022,628.0,632.0,632.0,613.35,620.2,620.65,619.04,"2,837","17,56,207.20",245,"1,749",61.65
MAZDA,EQ,08-02-2022,620.65,622.15,632.0,614.95,631.0,627.6,620.57,"2,085","12,93,897.80",239,"1,094",52.47
MAZDA,EQ,09-02-2022,627.6,627.75,627.75,597.65,601.15,604.35,610.72,"10,271","62,72,708.20",879,"5,029",48.96
MAZDA,EQ,10-02-2022,604.35,615.45,615.45,602.3,608.0,609.85,610.36,639,"3,90,022.70",129,392,61.35
MAZDA,EQ,11-02-2022,609.85,609.0,609.0,580.05,580.05,583.05,588.75,"4,985","29,34,921.55",367,"3,329",66.78
MAZDA,EQ,14-02-2022,583.05,579.95,579.95,558.9,561.0,562.85,567.32,"3,664","20,78,666.75",372,"1,484",40.5
MAZDA,EQ,15-02-2022,562.85,556.55,589.4,550.1,558.0,560.0,559.61,"9,513","53,23,563.35",368,"7,391",77.69
MAZDA,EQ,16-02-2022,560.0,568.55,575.45,552.0,552.1,556.65,560.83,"9,501","53,28,429.20",707,"6,453",67.92
MAZDA,EQ,17-02-2022,556.65,567.55,567.6,541.0,546.45,543.6,550.79,"2,447","13,47,774.75",292,"1,540",62.93
MAZDA,EQ,18-02-2022,543.6,550.6,552.45,534.0,545.0,544.15,542.78,"21,032","1,14,15,768.65",388,"19,225",91.41
MAZDA,EQ,21-02-2022,544.15,545.3,548.95,522.25,530.0,525.85,533.12,"5,303","28,27,119.60","1,067","1,568",29.57
MAZDA,EQ,22-02-2022,525.85,520.0,520.0,507.35,507.5,510.15,510.56,"3,366","17,18,558.15",299,"2,316",68.81
MAZDA,EQ,23-02-2022,510.15,510.15,539.65,505.15,505.6,507.05,512.93,"6,721","34,47,377.75",776,"1,581",23.52
MAZDA,EQ,24-02-2022,507.05,504.0,506.5,470.0,480.1,477.85,481.37,"8,027","38,63,921.55",459,"5,121",63.8
MAZDA,EQ,25-02-2022,477.85,489.4,504.25,483.05,485.0,490.15,494.23,"6,868","33,94,390.75",498,"4,756",69.25
MAZDA,EQ,28-02-2022,490.15,498.0,498.0,479.45,484.95,483.6,485.82,"5,108","24,81,580.20",495,"2,690",52.66
MAZDA,EQ,02-03-2022,483.6,483.6,497.0,478.0,484.8,483.4,489.44,"12,463","60,99,935.60",720,"7,710",61.86
MAZDA,EQ,03-03-2022,483.4,494.9,495.0,481.1,482.0,485.8,488.96,"2,618","12,80,104.95",316,"1,755",67.04
MAZDA,EQ,04-03-2022,485.8,475.9,514.85,475.9,478.25,478.6,497.04,"7,052","35,05,160.70",783,"2,301",32.63
MAZDA,EQ,07-03-2022,478.6,480.0,502.2,461.0,465.05,466.65,475.78,"5,031","23,93,647.95",668,"2,126",42.26
MAZDA,EQ,08-03-2022,466.65,487.25,487.75,467.45,480.0,478.8,476.02,"5,644","26,86,631.40",207,"4,912",87.03
MAZDA,EQ,09-03-2022,478.8,485.3,495.9,470.0,475.0,472.75,481.87,"15,140","72,95,444.65",554,"11,859",78.33
MAZDA,EQ,10-03-2022,472.75,492.0,498.8,477.45,477.75,479.7,485.11,"7,268","35,25,750.25",401,"5,064",69.68
MAZDA,EQ,11-03-2022,479.7,484.25,490.0,480.2,484.9,483.1,485.31,"6,089","29,55,042.95",364,"3,713",60.98
MAZDA,EQ,14-03-2022,483.1,484.25,492.0,479.3,480.8,484.05,485.89,"4,874","23,68,244.35",235,"3,830",78.58
MAZDA,EQ,15-03-2022,484.05,494.0,497.5,476.35,478.15,478.8,490.51,"4,147","20,34,144.65",326,"2,745",66.19
MAZDA,EQ,16-03-2022,478.8,488.75,495.0,485.85,490.1,492.0,491.16,"2,106","10,34,390.60",222,"1,433",68.04
MAZDA,EQ,17-03-2022,492.0,495.0,499.0,486.25,491.1,495.8,495.47,"5,183","25,67,995.35",315,"3,450",66.56
MAZDA,EQ,21-03-2022,495.8,495.6,496.5,481.0,481.0,483.9,486.74,"7,776","37,84,897.55",474,"6,260",80.5
MAZDA,EQ,22-03-2022,483.9,489.25,496.0,478.0,489.95,489.25,487.57,"6,992","34,09,087.20",250,"4,112",58.81
MAZDA,EQ,23-03-2022,489.25,491.25,496.55,487.4,489.8,488.8,491.49,"6,216","30,55,084.35",235,"4,952",79.67
MAZDA,EQ,24-03-2022,488.8,494.3,494.5,480.65,484.6,482.0,486.1,"4,602","22,37,047.65",330,"3,144",68.32
MAZDA,EQ,25-03-2022,482.0,489.3,490.0,482.0,484.0,487.2,485.58,"7,389","35,87,959.15",351,"6,071",82.16
MAZDA,EQ,28-03-2022,487.2,495.45,495.95,477.95,478.1,479.05,482.62,"5,937","28,65,321.10",367,"3,971",66.89
MAZDA,EQ,29-03-2022,479.05,487.7,488.45,468.1,480.2,472.95,476.77,"11,422","54,45,679.10",779,"6,998",61.27
MAZDA,EQ,30-03-2022,472.95,478.55,494.0,476.85,485.0,488.5,486.8,"6,543","31,85,138.55",418,"3,180",48.6
MAZDA,EQ,31-03-2022,488.5,488.05,495.25,481.4,486.0,490.1,491.01,"4,258","20,90,723.75",425,"2,601",61.09
MAZDA,EQ,01-04-2022,490.1,492.95,503.7,489.0,500.0,500.2,496.81,"3,708","18,42,183.30",498,"1,518",40.94
MAZDA,EQ,04-04-2022,500.2,510.0,520.0,501.65,510.0,511.4,512.51,"9,627","49,33,940.10",763,"5,000",51.94
MAZDA,EQ,05-04-2022,511.4,510.95,528.6,509.2,520.75,519.65,520.06,"4,593","23,88,633.25",483,"2,269",49.4
MAZDA,EQ,06-04-2022,519.65,530.95,535.0,520.0,525.0,527.85,527.79,"2,519","13,29,491.55",254,"1,696",67.33
MAZDA,EQ,07-04-2022,527.85,525.0,534.0,515.25,520.0,520.35,524.92,"3,577","18,77,649.70",274,"1,557",43.53
MAZDA,EQ,08-04-2022,520.35,524.95,528.45,512.0,512.0,520.4,523.81,"2,535","13,27,858.95",252,"1,878",74.08
MAZDA,EQ,11-04-2022,520.4,512.0,534.0,512.0,534.0,529.55,524.89,"2,288","12,00,953.25",156,"1,670",72.99
MAZDA,EQ,12-04-2022,529.55,534.0,535.0,506.95,510.05,516.5,524.08,"1,883","9,86,851.10",243,868,46.1
MAZDA,EQ,13-04-2022,516.5,517.5,531.95,517.0,524.75,524.5,525.01,"2,097","11,00,936.30",223,"1,479",70.53
MAZDA,EQ,18-04-2022,524.5,529.95,621.0,525.15,555.95,560.0,577.54,"76,850","4,43,84,274.65","6,393","16,107",20.96
MAZDA,EQ,19-04-2022,560.0,580.0,580.0,534.0,548.9,545.6,557.12,"12,410","69,13,841.25","1,332","5,216",42.03
MAZDA,EQ,20-04-2022,545.6,540.8,557.15,534.5,537.5,538.85,540.3,"3,766","20,34,769.40",402,"1,630",43.28
MAZDA,EQ,21-04-2022,538.85,546.5,557.65,538.0,538.2,540.55,544.64,"5,153","28,06,534.10",461,"2,362",45.84
MAZDA,EQ,22-04-2022,540.55,556.3,556.3,531.5,534.0,533.9,541.64,"2,470","13,37,839.65",330,"1,197",48.46
MAZDA,EQ,25-04-2022,533.9,541.85,542.45,513.1,518.5,521.05,526.62,"7,234","38,09,549.85",521,"4,277",59.12
MAZDA,EQ,26-04-2022,521.05,528.4,535.0,522.0,526.0,527.05,527.47,"2,150","11,34,063.80",246,"1,389",64.6
MAZDA,EQ,27-04-2022,527.05,534.95,535.25,508.0,514.2,517.4,519.53,"1,585","8,23,455.50",365,914,57.67
MAZDA,EQ,28-04-2022,517.4,524.9,525.45,511.3,515.45,516.35,517.43,"3,542","18,32,740.65",344,"2,021",57.06
MAZDA,EQ,29-04-2022,516.35,517.55,526.9,516.0,516.0,516.65,520.92,831,"4,32,886.35",118,591,71.12
MAZDA,EQ,02-05-2022,516.65,516.0,521.3,511.0,512.0,512.7,513.92,"1,876","9,64,123.10",155,"1,635",87.15
MAZDA,EQ,04-05-2022,512.7,512.65,516.0,501.1,501.1,502.3,507.6,"2,163","10,97,938.75",226,"1,513",69.95
MAZDA,EQ,05-05-2022,502.3,505.0,513.75,501.1,501.1,505.7,506.86,805,"4,08,022.90",157,424,52.67
MAZDA,EQ,06-05-2022,505.7,505.55,519.0,496.85,501.05,505.95,509.11,"2,864","14,58,099.10",325,"1,526",53.28
MAZDA,EQ,09-05-2022,505.95,505.95,516.0,492.45,513.85,503.3,503.89,"1,988","10,01,724.25",228,962,48.39
MAZDA,EQ,10-05-2022,503.3,510.75,510.75,481.0,483.1,484.65,491.48,"2,760","13,56,477.00",332,"2,030",73.55
MAZDA,EQ,11-05-2022,484.65,486.3,499.15,462.25,465.0,468.75,477.54,"2,074","9,90,410.45",232,"1,327",63.98
MAZDA,EQ,12-05-2022,468.75,475.75,484.25,451.65,465.0,468.3,465.26,"3,384","15,74,447.75",810,"1,321",39.04
MAZDA,EQ,13-05-2022,468.3,475.25,476.2,456.7,456.7,463.2,465.62,"2,839","13,21,881.25",310,"2,001",70.48
MAZDA,EQ,16-05-2022,463.2,455.8,479.0,455.6,461.15,469.1,471.56,"2,484","11,71,358.20",274,"1,597",64.29
MAZDA,EQ,17-05-2022,469.1,475.75,480.0,464.5,467.0,473.95,471.29,"1,150","5,41,979.70",160,845,73.48
MAZDA,EQ,18-05-2022,473.95,475.85,494.0,475.85,491.8,490.8,486.57,"1,781","8,66,582.40",286,"1,113",62.49
MAZDA,EQ,19-05-2022,490.8,480.0,509.0,473.05,504.05,497.45,489.47,"2,502","12,24,647.30",359,"1,626",64.99
MAZDA,EQ,20-05-2022,497.45,504.65,516.3,489.65,511.95,506.5,508.2,"1,882","9,56,429.95",347,"1,315",69.87
MAZDA,EQ,23-05-2022,506.5,514.05,525.0,503.5,525.0,522.5,514.25,"3,472","17,85,459.50",714,"1,917",55.21
MAZDA,EQ,24-05-2022,522.5,590.0,590.0,558.0,568.0,570.95,573.25,"78,213","4,48,35,644.00","4,545","26,569",33.97
MAZDA,EQ,25-05-2022,570.95,568.1,568.1,547.0,551.5,554.1,555.64,"6,921","38,45,617.65",544,"3,646",52.68
MAZDA,EQ,26-05-2022,554.1,556.0,595.0,545.0,571.5,572.45,571.19,"8,330","47,58,023.30",706,"4,226",50.73
MAZDA,EQ,27-05-2022,572.45,580.95,580.95,565.05,568.75,569.2,571.6,"3,315","18,94,853.55",301,"2,156",65.04
MAZDA,EQ,30-05-2022,569.2,577.2,577.2,550.55,554.4,557.85,560.04,"7,378","41,32,001.10",604,"3,283",44.5
MAZDA,EQ,31-05-2022,557.85,556.05,571.15,550.25,550.25,554.3,558.04,"2,727","15,21,766.25",330,"1,708",62.63
MAZDA,EQ,01-06-2022,554.3,564.8,566.05,554.3,566.0,559.6,560.31,"4,958","27,78,030.10",450,"2,989",60.29
MAZDA,EQ,02-06-2022,559.6,561.0,568.0,557.25,568.0,565.85,562.01,"2,684","15,08,443.25",163,"1,980",73.77
MAZDA,EQ,03-06-2022,565.85,564.6,574.0,561.5,563.0,563.3,564.31,"3,206","18,09,192.30",269,"2,108",65.75
MAZDA,EQ,06-06-2022,563.3,563.0,563.0,545.05,550.0,554.45,553.16,"2,859","15,81,498.60",242,"2,067",72.3
MAZDA,EQ,07-06-2022,554.45,555.7,562.3,551.0,553.0,553.5,555.25,"2,139","11,87,680.75",153,"1,198",56.01
MAZDA,EQ,08-06-2022,553.5,558.75,561.25,553.65,558.15,556.85,557.66,"2,435","13,57,912.60",161,"1,891",77.66
MAZDA,EQ,09-06-2022,556.85,559.95,563.0,554.0,554.5,555.45,558.69,"1,270","7,09,535.90",127,738,58.11
MAZDA,EQ,10-06-2022,555.45,554.0,556.75,550.0,554.5,554.55,552.81,"1,019","5,63,311.40",63,853,83.71
MAZDA,EQ,13-06-2022,554.55,550.0,550.0,540.0,542.0,542.85,542.94,"2,773","15,05,566.75",208,"1,910",68.88
MAZDA,EQ,14-06-2022,542.85,547.95,547.95,537.95,540.1,541.3,542.89,"2,292","12,44,293.40",99,"1,833",79.97
MAZDA,EQ,15-06-2022,541.3,542.5,550.0,539.0,549.0,541.85,542.98,"2,105","11,42,970.50",155,"1,552",73.73
MAZDA,EQ,16-06-2022,541.85,550.0,554.0,528.1,528.25,529.8,537.58,"2,836","15,24,562.80",254,"1,782",62.83
MAZDA,EQ,17-06-2022,529.8,520.5,539.9,512.25,523.5,524.15,527.07,967,"5,09,674.40",139,387,40.02
MAZDA,EQ,20-06-2022,524.15,524.15,527.7,501.0,501.0,501.1,508.96,"1,638","8,33,673.05",158,977,59.65
MAZDA,EQ,21-06-2022,501.1,511.85,519.45,510.0,517.0,516.9,514.66,741,"3,81,365.65",65,350,47.23
MAZDA,EQ,22-06-2022,516.9,516.55,526.3,513.65,520.25,521.35,519.7,"1,743","9,05,829.45",88,"1,437",82.44
MAZDA,EQ,23-06-2022,521.35,521.0,534.95,517.7,528.0,530.8,522.72,"1,101","5,75,511.65",155,860,78.11
MAZDA,EQ,24-06-2022,530.8,528.0,553.9,524.75,553.0,545.05,542.17,"1,928","10,45,301.85",184,"1,406",72.93
MAZDA,EQ,27-06-2022,545.05,543.0,553.15,542.2,545.25,548.25,550.76,"4,592","25,29,107.15",215,"2,929",63.78
MAZDA,EQ,28-06-2022,548.25,538.5,559.8,535.5,559.8,555.75,552.4,"2,664","14,71,598.40",239,"2,102",78.9
MAZDA,EQ,29-06-2022,555.75,554.1,574.0,550.0,550.0,553.65,559.21,"4,390","24,54,919.45",344,"3,344",76.17
MAZDA,EQ,30-06-2022,553.65,561.1,563.9,555.0,558.9,556.95,559.68,428,"2,39,542.70",49,317,74.07
MAZDA,EQ,01-07-2022,556.95,558.35,559.0,548.0,559.0,554.25,550.96,249,"1,37,188.25",42,191,76.71
MAZDA,EQ,04-07-2022,554.25,562.55,580.0,552.8,568.0,564.8,572.29,"2,001","11,45,157.50",155,874,43.68
MAZDA,EQ,05-07-2022,564.8,565.9,580.05,565.9,575.0,570.85,574.69,"2,922","16,79,245.75",180,"2,468",84.46
MAZDA,EQ,06-07-2022,570.85,565.6,575.6,557.65,574.0,570.4,567.89,"2,116","12,01,662.00",219,"1,640",77.5
MAZDA,EQ,07-07-2022,570.4,563.1,585.0,562.8,563.0,566.7,575.12,"3,113","17,90,349.45",390,"1,490",47.86
MAZDA,EQ,08-07-2022,566.7,566.7,572.5,560.25,561.0,562.25,563.43,806,"4,54,126.35",88,504,62.53
MAZDA,EQ,11-07-2022,562.25,569.65,573.6,561.25,567.5,568.05,567.82,675,"3,83,279.35",86,586,86.81
MAZDA,EQ,12-07-2022,568.05,576.45,587.5,565.9,574.0,571.85,576.4,"4,252","24,50,865.45",269,"3,122",73.42
MAZDA,EQ,13-07-2022,571.85,563.55,580.0,563.3,572.5,574.05,572.56,854,"4,88,966.65",67,732,85.71
MAZDA,EQ,14-07-2022,574.05,583.0,585.0,572.0,580.0,576.6,577.8,"3,429","19,81,285.25",295,"1,890",55.12
MAZDA,EQ,15-07-2022,576.6,572.25,583.15,570.9,573.25,573.25,574.09,782,"4,48,934.75",128,418,53.45
MAZDA,EQ,18-07-2022,573.25,579.75,596.0,572.4,593.0,593.5,586.31,"5,247","30,76,370.80",310,"4,614",87.94
MAZDA,EQ,19-07-2022,593.5,602.35,602.35,586.4,591.35,594.3,596.38,"2,182","13,01,297.80",247,"1,559",71.45
MAZDA,EQ,20-07-2022,594.3,594.25,603.15,570.15,573.5,577.05,581.83,"1,336","7,77,331.50",255,630,47.16
MAZDA,EQ,21-07-2022,577.05,580.3,598.25,569.65,587.0,589.6,585.01,"3,315","19,39,317.35",271,"1,546",46.64
MAZDA,EQ,22-07-2022,589.6,580.0,598.35,572.3,587.2,585.35,580.91,"2,766","16,06,785.80",276,"1,534",55.46
MAZDA,EQ,25-07-2022,585.35,585.3,604.45,575.0,586.0,583.15,590.94,"3,845","22,72,156.60",280,"2,746",71.42
MAZDA,EQ,26-07-2022,583.15,583.1,583.1,567.0,570.5,571.5,572.77,"5,050","28,92,475.90",264,"4,273",84.61
MAZDA,EQ,27-07-2022,571.5,569.95,571.45,564.05,571.0,570.0,569.8,"2,270","12,93,438.70",161,"1,575",69.38
MAZDA,EQ,28-07-2022,570.0,578.55,589.0,568.0,580.0,580.45,576.94,"6,766","39,03,596.90",344,"5,699",84.23
MAZDA,EQ,29-07-2022,580.45,577.2,585.0,575.9,577.05,577.65,581.28,"1,956","11,36,980.00",112,"1,677",85.74
MAZDA,EQ,01-08-2022,577.65,584.95,607.0,581.15,594.0,598.85,596.22,"9,881","58,91,219.95",736,"6,969",70.53
MAZDA,EQ,02-08-2022,598.85,599.8,601.15,585.0,601.0,599.9,594.94,"2,921","17,37,831.70",200,"1,881",64.4
MAZDA,EQ,03-08-2022,599.9,600.95,602.65,568.35,580.2,580.55,577.58,"5,372","31,02,741.85",468,"2,902",54.02
MAZDA,EQ,04-08-2022,580.55,589.25,594.3,578.05,578.05,580.7,586.35,"2,986","17,50,844.55",368,"1,935",64.8
MAZDA,EQ,05-08-2022,580.7,575.95,596.5,571.95,590.5,589.55,589.81,"4,600","27,13,105.75",447,"3,108",67.57
MAZDA,EQ,08-08-2022,589.55,585.55,625.9,579.2,619.7,615.85,601.98,"28,135","1,69,36,671.55",994,"16,399",58.29
MAZDA,EQ,10-08-2022,615.85,619.7,647.3,613.0,615.0,618.7,629.99,"11,764","74,11,208.35","1,041","6,991",59.43
MAZDA,EQ,11-08-2022,618.7,601.0,617.7,583.0,595.0,595.85,593.2,"13,755","81,59,440.70","1,002","6,499",47.25
MAZDA,EQ,12-08-2022,595.85,588.85,595.7,570.0,570.05,576.4,579.1,"19,447","1,12,61,840.65",677,"11,210",57.64
MAZDA,EQ,16-08-2022,576.4,575.0,588.7,573.0,587.1,585.65,582.28,"7,867","45,80,829.80",380,"4,255",54.09
MAZDA,EQ,17-08-2022,585.65,589.8,595.0,581.5,583.35,585.85,590.39,"4,664","27,53,566.25",344,"3,709",79.52
MAZDA,EQ,18-08-2022,585.85,594.55,599.0,585.0,596.6,594.6,595.53,"4,344","25,86,986.60",282,"2,007",46.2
MAZDA,EQ,19-08-2022,594.6,590.0,603.45,579.65,585.1,588.0,585.29,"2,820","16,50,528.10",431,"1,831",64.93
MAZDA,EQ,22-08-2022,588.0,572.75,593.9,572.75,580.25,582.05,581.19,"1,172","6,81,153.75",177,745,63.57
MAZDA,EQ,23-08-2022,582.05,575.5,604.0,575.5,591.6,596.8,596.17,"2,483","14,80,301.15",244,"1,942",78.21
MAZDA,EQ,24-08-2022,596.8,588.3,603.45,588.0,599.0,593.85,596.33,"3,269","19,49,413.70",166,"2,854",87.3
MAZDA,EQ,25-08-2022,593.85,587.1,602.35,586.35,596.0,589.05,592.79,"1,940","11,50,012.25",191,"1,350",69.59
MAZDA,EQ,26-08-2022,589.05,590.05,605.0,584.05,600.0,597.2,594.19,"3,952","23,48,235.50",406,"1,485",37.58
MAZDA,EQ,29-08-2022,597.2,593.15,596.35,580.05,594.95,594.6,591.41,"3,463","20,48,058.85",304,"1,841",53.16
MAZDA,EQ,30-08-2022,594.6,598.45,598.45,588.0,588.0,589.4,591.71,"1,657","9,80,458.25",148,"1,139",68.74
MAZDA,EQ,01-09-2022,589.4,591.0,598.45,590.0,596.0,595.5,594.68,"1,681","9,99,658.65",166,"1,104",65.68
MAZDA,EQ,02-09-2022,595.5,598.05,619.95,588.4,598.0,597.95,600.77,"13,492","81,05,586.10",643,"7,125",52.81
MAZDA,EQ,05-09-2022,597.95,602.2,606.85,599.0,599.0,603.1,602.26,"4,671","28,13,138.05",199,"3,926",84.05
MAZDA,EQ,06-09-2022,603.1,605.0,615.95,586.95,590.0,592.4,598.37,"10,092","60,38,707.60",624,"5,049",50.03
MAZDA,EQ,07-09-2022,592.4,592.4,598.25,580.0,580.05,584.15,590.39,"8,893","52,50,364.65",463,"7,050",79.28
MAZDA,EQ,08-09-2022,584.15,592.85,592.85,584.05,587.95,586.45,587.05,"2,319","13,61,362.60",197,"1,326",57.18
MAZDA,EQ,09-09-2022,586.45,594.95,600.0,585.05,585.05,589.7,591.87,"5,044","29,85,395.80",362,"3,564",70.66
MAZDA,EQ,12-09-2022,589.7,597.0,647.0,592.95,620.0,620.1,619.43,"41,313","2,55,90,391.05","1,747","24,918",60.32
MAZDA,EQ,13-09-2022,620.1,624.95,655.0,615.0,632.1,632.4,642.28,"55,058","3,53,62,438.10","3,131","14,152",25.7
MAZDA,EQ,14-09-2022,632.4,632.4,655.0,621.5,628.3,630.5,640.29,"45,660","2,92,35,442.70","2,095","9,833",21.54
MAZDA,EQ,15-09-2022,630.5,637.9,637.9,613.0,627.0,619.0,619.31,"9,459","58,58,032.50",973,"4,705",49.74
MAZDA,EQ,16-09-2022,619.0,608.3,636.95,600.2,609.0,606.0,618.83,"13,240","81,93,315.70","1,439","5,609",42.36
MAZDA,EQ,19-09-2022,606.0,615.05,623.0,600.1,614.0,603.35,609.17,"8,018","48,84,308.70",878,"4,243",52.92
MAZDA,EQ,20-09-2022,603.35,605.0,619.4,605.0,610.0,610.45,611.24,"3,829","23,40,445.15",477,"1,691",44.16
MAZDA,EQ,21-09-2022,610.45,598.15,610.05,596.25,600.35,600.3,601.11,"4,540","27,29,050.30",433,"2,776",61.15
MAZDA,EQ,22-09-2022,600.3,600.0,608.9,593.65,606.7,604.9,602.03,"3,097","18,64,480.85",433,"1,732",55.93
MAZDA,EQ,23-09-2022,604.9,605.0,610.05,595.15,603.55,600.05,603.9,"4,616","27,87,592.00",564,"3,096",67.07
MAZDA,EQ,26-09-2022,600.05,605.0,610.9,586.6,590.6,592.2,597.13,"7,239","43,22,595.10",568,"4,942",68.27
MAZDA,EQ,27-09-2022,592.2,593.4,604.85,583.0,588.25,590.35,595.25,"5,283","31,44,725.55",558,"3,330",63.03
MAZDA,EQ,28-09-2022,590.35,588.25,606.0,588.25,601.9,601.3,598.39,"4,853","29,03,967.15",512,"3,094",63.75
MAZDA,EQ,29-09-2022,601.3,604.5,604.8,591.3,604.0,599.15,599.22,"3,981","23,85,499.05",285,"2,701",67.85
MAZDA,EQ,30-09-2022,599.15,600.0,607.0,598.0,598.0,600.7,601.41,"4,699","28,26,020.65",435,"3,376",71.85
MAZDA,EQ,03-10-2022,600.7,603.0,605.95,585.0,599.9,595.15,594.71,"9,026","53,67,884.45",552,"6,181",68.48
MAZDA,EQ,04-10-2022,595.15,603.4,604.6,594.95,600.15,601.6,599.45,"2,843","17,04,233.35",387,"1,311",46.11
MAZDA,EQ,06-10-2022,601.6,610.55,617.95,593.4,607.5,607.9,604.11,"12,085","73,00,640.85",795,"6,860",56.76
MAZDA,EQ,07-10-2022,607.9,597.85,626.2,596.6,608.95,606.95,610.45,"12,057","73,60,250.55",803,"5,745",47.65
MAZDA,EQ,10-10-2022,606.95,614.9,625.0,600.1,605.1,606.65,611.04,"14,339","87,61,662.00","1,125","5,690",39.68
MAZDA,EQ,11-10-2022,606.65,610.3,633.0,608.75,624.75,619.65,623.95,"8,533","53,24,127.30",857,"4,222",49.48
MAZDA,EQ,12-10-2022,619.65,618.3,624.95,607.1,610.3,610.55,614.33,"4,226","25,96,165.00",463,"2,625",62.12
MAZDA,EQ,13-10-2022,610.55,618.75,619.0,608.05,610.6,612.15,612.48,"2,391","14,64,450.35",312,"1,167",48.81
MAZDA,EQ,14-10-2022,612.15,618.0,619.95,611.1,619.0,614.45,615.15,"2,758","16,96,575.00",253,"2,247",81.47
MAZDA,EQ,17-10-2022,614.45,613.2,645.75,609.0,624.0,625.0,628.97,"10,005","62,92,852.65",701,"6,730",67.27
MAZDA,EQ,18-10-2022,625.0,625.0,641.0,624.05,638.0,636.1,636.32,"7,284","46,34,932.10",645,"4,389",60.26
MAZDA,EQ,19-10-2022,636.1,642.9,685.0,636.85,657.0,655.3,662.26,"48,059","3,18,27,455.40","2,863","21,123",43.95
MAZDA,EQ,20-10-2022,655.3,685.0,786.35,677.1,763.0,756.3,752.69,"4,44,076","33,42,52,917.80","23,568","72,607",16.35
MAZDA,EQ,21-10-2022,756.3,759.95,760.0,730.0,736.15,734.3,743.45,"63,409","4,71,41,181.85","4,773","17,160",27.06
MAZDA,EQ,24-10-2022,734.3,748.6,835.0,739.0,823.0,809.9,796.83,"95,020","7,57,14,694.00","4,889","27,022",28.44
MAZDA,EQ,25-10-2022,809.9,820.0,820.0,775.0,777.0,778.1,789.44,"43,302","3,41,84,211.50","3,424","19,090",44.09
MAZDA,EQ,27-10-2022,778.1,787.0,802.0,757.7,764.95,764.9,770.84,"18,937","1,45,97,356.45","1,260","11,238",59.34
MAZDA,EQ,28-10-2022,764.9,776.2,795.0,762.25,768.15,773.65,777.03,"12,512","97,22,254.35","1,241","5,369",42.91
MAZDA,EQ,31-10-2022,773.65,788.95,804.15,782.0,797.0,796.7,792.2,"27,638","2,18,94,853.10","1,549","12,837",46.45
MAZDA,EQ,01-11-2022,796.7,799.9,819.95,780.35,785.0,784.95,803.55,"15,314","1,23,05,587.65","1,353","8,199",53.54
MAZDA,EQ,02-11-2022,784.95,793.15,795.0,765.0,765.05,768.0,777.1,"7,442","57,83,163.80",687,"3,692",49.61
MAZDA,EQ,03-11-2022,768.0,760.6,787.95,737.3,752.0,749.75,759.44,"14,423","1,09,53,422.25","1,244","7,363",51.05
MAZDA,EQ,04-11-2022,749.75,759.0,782.45,741.1,754.6,757.9,761.96,"8,886","67,70,801.95","1,002","2,967",33.39
MAZDA,EQ,07-11-2022,757.9,766.55,810.0,737.3,783.6,786.95,787.24,"37,462","2,94,91,581.95","4,088","9,523",25.42
MAZDA,EQ,09-11-2022,786.95,797.3,797.9,760.4,760.4,771.3,782.97,"8,888","69,59,022.40","1,098","4,340",48.83
MAZDA,EQ,10-11-2022,771.3,761.85,773.95,760.0,769.0,763.45,763.94,"4,337","33,13,216.55",574,"2,331",53.75
MAZDA,EQ,11-11-2022,763.45,779.0,788.6,768.2,771.0,777.15,775.6,"5,077","39,37,708.40",724,"2,429",47.84
MAZDA,EQ,14-11-2022,777.15,785.1,785.1,750.0,772.0,759.8,762.02,"8,215","62,59,971.30","1,109","4,272",52.0
MAZDA,EQ,15-11-2022,759.8,705.25,725.15,658.05,679.7,669.1,688.23,"61,720","4,24,77,558.25","5,954","29,569",47.91
MAZDA,EQ,16-11-2022,669.1,680.0,688.1,665.0,679.0,678.65,679.45,"14,341","97,44,046.35","1,462","5,431",37.87
MAZDA,EQ,17-11-2022,678.65,685.0,694.45,661.95,672.5,672.45,681.28,"6,167","42,01,426.65",776,"1,572",25.49
MAZDA,EQ,18-11-2022,672.45,671.0,675.0,642.35,654.9,648.65,656.28,"10,701","70,22,872.80","1,115","5,910",55.23
MAZDA,EQ,21-11-2022,648.65,655.0,655.15,637.3,637.3,638.8,646.49,"4,744","30,66,971.30",563,"2,337",49.26
MAZDA,EQ,22-11-2022,638.8,645.45,650.0,622.0,628.25,628.75,639.38,"7,965","50,92,677.45","1,594","2,728",34.25
MAZDA,EQ,23-11-2022,628.75,628.75,652.05,613.7,641.0,642.15,639.69,"9,584","61,30,810.80","1,456","2,735",28.54
MAZDA,EQ,24-11-2022,642.15,650.0,659.95,640.05,640.05,650.45,651.21,"7,545","49,13,374.45",989,"2,303",30.52
MAZDA,EQ,25-11-2022,650.45,657.0,657.0,613.55,626.95,625.3,631.23,"18,586","1,17,32,052.65","2,040","8,870",47.72
MAZDA,EQ,28-11-2022,625.3,633.0,672.0,624.05,645.0,642.15,647.68,"13,277","85,99,193.90","1,752","4,490",33.82
MAZDA,EQ,29-11-2022,642.15,651.85,651.85,636.05,647.25,643.7,642.07,"2,462","15,80,786.25",390,"1,219",49.51
MAZDA,EQ,30-11-2022,643.7,647.0,647.15,633.2,636.0,635.95,639.99,"3,080","19,71,164.90",436,"1,532",49.74
MAZDA,EQ,01-12-2022,635.95,642.5,653.95,636.1,650.0,649.6,645.9,"5,597","36,15,101.10",530,"3,620",64.68
MAZDA,EQ,02-12-2022,649.6,656.25,656.25,648.1,653.8,651.85,651.73,"2,565","16,71,675.90",551,"1,436",55.98
MAZDA,EQ,05-12-2022,651.85,655.05,670.45,655.05,660.0,659.65,659.73,"3,392","22,37,815.75",374,"2,184",64.39
MAZDA,EQ,06-12-2022,659.65,666.65,687.95,650.0,672.25,671.75,673.19,"16,207","1,09,10,389.15",842,"9,204",56.79
MAZDA,EQ,07-12-2022,671.75,676.95,687.0,661.0,682.0,679.75,673.04,"7,005","47,14,661.95",786,"3,040",43.4
MAZDA,EQ,08-12-2022,679.75,681.65,681.65,666.65,668.9,670.6,672.26,"1,037","6,97,130.20",186,709,68.37
MAZDA,EQ,09-12-2022,670.6,677.5,684.0,654.5,683.0,671.35,668.69,"5,790","38,71,716.20",814,"2,194",37.89
MAZDA,EQ,12-12-2022,671.35,678.3,678.3,660.0,660.0,662.4,668.69,"1,984","13,26,685.50",371,"1,056",53.23
MAZDA,EQ,13-12-2022,662.4,657.75,667.95,655.55,657.4,660.0,661.13,"3,050","20,16,454.05",268,"1,805",59.18
MAZDA,EQ,14-12-2022,660.0,665.95,666.2,647.8,661.55,659.65,654.66,"6,887","45,08,661.95",503,"4,524",65.69
MAZDA,EQ,15-12-2022,659.65,659.7,664.45,649.6,664.0,659.8,658.88,"2,821","18,58,700.85",277,"1,616",57.28
MAZDA,EQ,16-12-2022,659.8,655.9,666.0,650.0,665.0,659.85,655.27,"5,250","34,40,184.45",593,"3,679",70.08
MAZDA,EQ,19-12-2022,659.85,654.05,668.0,650.0,667.0,663.0,659.6,"3,066","20,22,341.70",353,"1,632",53.23
MAZDA,EQ,20-12-2022,663.0,663.0,680.0,654.45,680.0,672.25,665.09,"3,396","22,58,633.55",355,"2,011",59.22
MAZDA,EQ,21-12-2022,672.25,679.2,679.4,655.15,660.0,660.25,662.28,"5,878","38,92,903.95",545,"3,821",65.01
MAZDA,EQ,22-12-2022,660.25,665.95,665.95,647.05,651.0,650.45,651.69,"4,960","32,32,366.25",486,"3,873",78.08
MAZDA,EQ,23-12-2022,650.45,649.75,649.75,620.0,620.1,621.45,630.44,"6,100","38,45,695.00",580,"4,476",73.38
MAZDA,EQ,26-12-2022,621.45,627.9,662.6,616.1,654.95,643.5,630.26,"4,585","28,89,745.40",739,"1,632",35.59
MAZDA,EQ,27-12-2022,643.5,646.7,660.0,635.25,645.0,652.35,646.91,"3,785","24,48,572.65",707,"1,819",48.06
MAZDA,EQ,28-12-2022,652.35,644.85,680.0,621.25,679.15,668.8,647.12,"20,747","1,34,25,738.60","2,253","3,314",15.97
MAZDA,EQ,29-12-2022,668.8,655.05,679.5,650.1,677.95,660.6,660.81,"2,287","15,11,261.35",362,"1,159",50.68
MAZDA,EQ,30-12-2022,660.6,656.25,689.0,644.2,682.0,679.9,678.51,"9,097","61,72,410.40",878,"4,421",48.6
MAZDA,EQ,02-01-2023,679.90,688.20,688.20,644.05,644.50,647.50,654.18,"20,931","1,36,92,537.80","1,206","12,703",60.69
MAZDA,EQ,03-01-2023,647.50,650.00,658.00,646.00,650.00,650.35,652.24,"9,123","59,50,410.80","1,398","5,264",57.70
MAZDA,EQ,04-01-2023,650.35,646.55,653.30,646.55,649.00,648.60,650.77,"3,281","21,35,161.90",277,"1,948",59.37
MAZDA,EQ,05-01-2023,648.60,642.05,657.80,642.05,642.55,648.05,649.80,"1,586","10,30,586.85",333,721,45.46
MAZDA,EQ,06-01-2023,648.05,654.40,661.55,645.00,656.00,658.20,654.99,"3,465","22,69,552.70",403,"1,430",41.27
MAZDA,EQ,09-01-2023,658.20,662.70,665.00,645.05,647.50,646.30,655.33,"2,000","13,10,661.75",594,"1,070",53.50
MAZDA,EQ,10-01-2023,646.30,655.55,655.55,635.00,638.00,639.15,645.47,"1,116","7,20,343.80",171,675,60.48
MAZDA,EQ,11-01-2023,639.15,636.00,655.00,636.00,652.00,651.50,648.75,"2,296","14,89,518.85",158,"1,106",48.17
MAZDA,EQ,12-01-2023,651.50,642.50,657.55,642.50,655.00,649.35,650.72,513,"3,33,821.00",91,231,45.03
MAZDA,EQ,13-01-2023,649.35,646.00,658.70,643.00,655.00,653.65,652.85,"2,127","13,88,602.60",303,"1,336",62.81
MAZDA,EQ,16-01-2023,653.65,647.00,654.00,641.65,654.00,648.55,645.75,679,"4,38,462.65",98,442,65.10
MAZDA,EQ,17-01-2023,648.55,652.90,652.90,640.50,651.80,645.95,646.64,582,"3,76,346.90",97,355,61.00
MAZDA,EQ,18-01-2023,645.95,641.55,654.35,641.55,641.70,643.25,646.01,908,"5,86,573.10",142,483,53.19
MAZDA,EQ,19-01-2023,643.25,640.10,652.75,640.10,650.00,647.40,648.52,811,"5,25,951.60",129,431,53.14
MAZDA,EQ,20-01-2023,647.40,651.95,651.95,636.20,648.00,643.35,644.05,"1,463","9,42,242.30",161,479,32.74
MAZDA,EQ,23-01-2023,643.35,637.00,645.55,633.00,633.00,636.75,639.15,"1,181","7,54,838.10",166,597,50.55
MAZDA,EQ,24-01-2023,636.75,643.95,646.00,632.55,643.00,643.35,640.91,891,"5,71,054.95",209,516,57.91
MAZDA,EQ,25-01-2023,643.35,644.00,644.00,630.05,639.00,637.80,635.58,"1,995","12,67,977.00",204,"1,116",55.94
MAZDA,EQ,27-01-2023,637.80,645.00,645.95,632.30,641.90,640.85,639.67,"1,964","12,56,306.25",238,"1,287",65.53
MAZDA,EQ,30-01-2023,640.85,650.00,650.00,626.00,627.00,628.30,636.26,"2,523","16,05,275.55",282,"2,039",80.82
MAZDA,EQ,31-01-2023,628.30,634.30,649.00,627.50,642.50,644.40,636.99,"3,713","23,65,158.85",354,"2,034",54.78
MAZDA,EQ,01-02-2023,644.40,644.45,659.20,628.00,632.95,631.95,646.96,"5,183","33,53,177.45",649,"2,697",52.04
MAZDA,EQ,02-02-2023,631.95,627.00,645.00,619.05,644.90,638.25,636.34,"6,611","42,06,872.45",333,"4,506",68.16
MAZDA,EQ,03-02-2023,638.25,641.65,641.65,610.00,626.50,628.50,622.62,"3,589","22,34,582.50",521,"1,886",52.55
MAZDA,EQ,06-02-2023,628.50,625.00,635.95,620.00,620.00,629.00,626.69,"2,164","13,56,146.70",235,"1,533",70.84
MAZDA,EQ,07-02-2023,629.00,624.30,628.45,616.00,626.35,622.85,621.41,"1,517","9,42,685.55",177,968,63.81
MAZDA,EQ,08-02-2023,622.85,627.50,649.90,627.30,641.00,645.55,637.04,"1,828","11,64,505.90",254,"1,059",57.93
MAZDA,EQ,09-02-2023,645.55,645.05,645.05,618.05,623.80,622.65,628.56,"6,294","39,56,151.80",392,"4,976",79.06
MAZDA,EQ,10-02-2023,622.65,622.10,642.85,622.05,641.85,638.45,634.06,"1,549","9,82,157.35",277,698,45.06
MAZDA,EQ,13-02-2023,638.45,639.80,640.45,624.05,638.00,635.45,633.44,"1,102","6,98,054.65",181,585,53.09
MAZDA,EQ,14-02-2023,635.45,645.00,672.80,642.10,652.50,649.10,648.04,"8,201","53,14,593.75",468,"5,086",62.02
MAZDA,EQ,15-02-2023,649.10,658.45,658.45,628.00,631.00,631.65,635.74,"4,686","29,79,056.10",460,"2,581",55.08
MAZDA,EQ,16-02-2023,631.65,640.25,640.25,625.55,640.15,635.10,632.94,"1,899","12,01,945.65",269,727,38.28
MAZDA,EQ,17-02-2023,635.10,639.85,639.85,628.10,628.10,629.65,630.95,"2,808","17,71,709.70",334,"1,723",61.36
MAZDA,EQ,20-02-2023,629.65,629.00,652.00,629.00,650.00,646.80,640.98,"1,139","7,30,076.50",216,736,64.62
MAZDA,EQ,21-02-2023,646.80,646.80,652.50,635.00,651.85,646.60,644.40,"2,053","13,22,952.25",321,"1,097",53.43
MAZDA,EQ,22-02-2023,646.60,643.00,649.65,636.50,638.00,638.30,641.02,"1,447","9,27,562.90",207,788,54.46
MAZDA,EQ,23-02-2023,638.30,642.30,647.95,620.95,622.70,630.45,633.46,"1,791","11,34,527.15",94,"1,108",61.86
MAZDA,EQ,24-02-2023,630.45,636.50,646.00,621.25,636.80,633.70,632.30,"2,740","17,32,492.50",247,"1,314",47.96
MAZDA,EQ,27-02-2023,633.70,637.95,637.95,624.90,634.00,627.45,629.80,"1,185","7,46,309.05",134,733,61.86
MAZDA,EQ,28-02-2023,627.45,629.95,630.00,596.60,604.00,600.35,607.89,"4,505","27,38,541.65",515,"3,177",70.52
MAZDA,EQ,01-03-2023,600.35,601.30,607.15,597.65,603.05,603.00,601.32,"8,938","53,74,566.65",537,"6,287",70.34
MAZDA,EQ,02-03-2023,603.00,601.05,614.45,600.00,613.00,608.25,606.21,"1,218","7,38,362.45",139,744,61.08
MAZDA,EQ,03-03-2023,608.25,605.00,613.45,603.10,608.15,608.70,607.86,"1,865","11,33,655.45",494,801,42.95
MAZDA,EQ,06-03-2023,608.70,606.00,624.75,606.00,620.00,620.15,617.27,"1,732","10,69,114.50",235,884,51.04
MAZDA,EQ,08-03-2023,620.15,624.90,629.90,610.00,622.15,624.85,624.22,"1,373","8,57,058.45",223,407,29.64
MAZDA,EQ,09-03-2023,624.85,630.45,637.20,620.00,629.90,627.30,625.53,"3,379","21,13,681.35",158,"2,344",69.37
MAZDA,EQ,10-03-2023,627.30,623.95,623.95,617.90,619.00,618.25,619.02,224,"1,38,661.05",54,175,78.13
MAZDA,EQ,13-03-2023,618.25,617.25,629.00,609.00,629.00,619.30,618.31,"1,251","7,73,505.80",183,770,61.55
MAZDA,EQ,14-03-2023,619.30,619.25,623.15,609.00,614.00,614.65,614.39,846,"5,19,777.45",180,532,62.88
MAZDA,EQ,15-03-2023,614.65,613.95,625.00,610.10,624.90,624.10,618.33,947,"5,85,554.15",109,597,63.04
MAZDA,EQ,16-03-2023,624.10,623.90,625.00,611.05,622.40,616.50,616.28,958,"5,90,395.20",115,725,75.68
MAZDA,EQ,17-03-2023,616.50,621.40,625.00,617.00,619.80,621.85,620.70,"1,315","8,16,221.65",201,851,64.71
MAZDA,EQ,20-03-2023,621.85,626.90,650.00,618.05,626.40,628.60,627.71,"1,281","8,04,100.45",156,867,67.68
MAZDA,EQ,21-03-2023,628.60,638.30,638.30,622.00,634.80,631.80,627.84,754,"4,73,389.55",198,656,87.00
MAZDA,EQ,22-03-2023,631.80,634.00,636.95,622.85,628.10,630.55,629.65,"1,093","6,88,208.20",141,538,49.22
MAZDA,EQ,23-03-2023,630.55,622.60,634.95,621.05,622.50,624.05,628.26,"1,854","11,64,788.20",199,"1,568",84.57
MAZDA,EQ,24-03-2023,624.05,627.70,633.90,623.30,626.50,629.75,628.00,"2,401","15,07,824.80",246,"1,696",70.64
MAZDA,EQ,27-03-2023,629.75,635.55,635.55,605.10,618.00,617.30,621.09,"3,532","21,93,681.05",336,"2,975",84.23
MAZDA,EQ,28-03-2023,617.30,618.20,620.00,606.00,618.00,611.95,614.33,"2,963","18,20,268.40",158,"2,408",81.27
MAZDA,EQ,29-03-2023,611.95,606.10,615.50,604.10,608.00,607.20,607.76,"3,420","20,78,530.35",170,"3,025",88.45
MAZDA,EQ,31-03-2023,607.20,612.70,622.00,607.50,615.20,619.75,615.57,"6,165","37,94,992.00",364,"3,488",56.58
MAZDA,EQ,03-04-2023,619.75,619.75,625.40,610.00,619.50,620.20,618.55,"2,981","18,43,886.15",453,"1,541",51.69
MAZDA,EQ,05-04-2023,620.20,610.00,640.00,610.00,627.00,628.15,625.83,"2,692","16,84,734.75",233,"1,632",60.62
MAZDA,EQ,06-04-2023,628.15,628.15,652.00,624.05,639.00,637.15,634.18,"5,837","37,01,736.35",339,"2,286",39.16
MAZDA,EQ,10-04-2023,637.15,637.85,646.90,632.50,637.00,637.35,640.12,"2,445","15,65,088.70",259,"1,713",70.06
MAZDA,EQ,11-04-2023,637.35,636.60,637.00,631.00,631.00,631.25,633.22,"1,404","8,89,043.45",228,958,68.23
MAZDA,EQ,12-04-2023,631.25,631.25,636.55,626.45,628.05,628.75,631.05,"2,365","14,92,427.55",189,"2,042",86.34
MAZDA,EQ,13-04-2023,628.75,634.60,671.90,634.60,649.80,645.75,650.65,"4,628","30,11,191.60",517,"2,576",55.66
MAZDA,EQ,17-04-2023,645.75,645.70,665.00,641.45,665.00,659.45,653.90,"6,610","43,22,256.15",393,"5,569",84.25
MAZDA,EQ,18-04-2023,659.45,664.00,669.00,646.00,652.00,655.65,657.32,"2,353","15,46,669.05",389,"1,306",55.50
MAZDA,EQ,19-04-2023,655.65,658.25,668.00,656.00,667.45,663.05,662.62,"1,004","6,65,273.85",190,527,52.49
MAZDA,EQ,20-04-2023,663.05,663.05,663.05,648.00,652.00,653.95,653.18,"2,123","13,86,699.50",252,"1,309",61.66
MAZDA,EQ,21-04-2023,653.95,654.00,675.00,638.05,669.00,663.70,655.67,"9,039","59,26,615.40",776,"3,318",36.71
MAZDA,EQ,24-04-2023,663.70,649.95,663.90,647.10,655.00,659.90,656.20,"2,608","17,11,360.80",339,"1,900",72.85
MAZDA,EQ,25-04-2023,659.90,658.75,670.00,650.00,654.00,652.90,658.49,"3,454","22,74,418.95",395,"2,574",74.52
MAZDA,EQ,26-04-2023,652.90,659.00,670.00,655.00,663.10,667.25,661.27,"4,571","30,22,666.40",576,"1,857",40.63
MAZDA,EQ,27-04-2023,667.25,673.45,673.45,651.55,663.00,658.25,659.13,"4,423","29,15,324.95",226,"2,044",46.21
MAZDA,EQ,28-04-2023,658.25,655.25,668.05,655.25,666.00,664.15,664.20,"1,830","12,15,494.30",145,"1,028",56.17
MAZDA,EQ,02-05-2023,664.15,664.45,665.00,646.95,647.60,655.05,656.71,"4,905","32,21,185.15",411,"2,292",46.73
MAZDA,EQ,03-05-2023,655.05,655.05,674.55,650.00,673.65,670.05,664.58,"3,683","24,47,646.50",281,"2,023",54.93
MAZDA,EQ,04-05-2023,670.05,678.00,678.00,655.40,657.35,659.55,662.89,"3,902","25,86,596.25",451,"2,634",67.50
MAZDA,EQ,05-05-2023,659.55,658.45,663.00,652.35,657.40,659.05,658.54,"1,064","7,00,684.30",110,740,69.55
MAZDA,EQ,08-05-2023,659.05,657.40,660.00,650.00,657.00,656.40,654.99,"1,616","10,58,459.40",180,998,61.76
MAZDA,EQ,09-05-2023,656.40,655.65,670.00,655.65,663.55,665.00,663.91,"1,973","13,09,900.15",146,"1,365",69.18
MAZDA,EQ,10-05-2023,665.00,662.25,672.10,661.00,662.80,669.90,668.23,"2,655","17,74,148.80",251,"2,008",75.63
MAZDA,EQ,11-05-2023,669.90,669.90,749.75,664.55,731.50,730.45,712.44,"36,625","2,60,93,133.80","1,880","18,092",49.40
MAZDA,EQ,12-05-2023,730.45,744.00,744.00,702.00,723.00,723.25,731.44,"15,158","1,10,87,169.70",998,"7,991",52.72
MAZDA,EQ,15-05-2023,723.25,737.20,764.00,720.00,746.25,748.15,748.50,"22,393","1,67,61,205.55","1,644","11,596",51.78
MAZDA,EQ,16-05-2023,748.15,756.00,798.00,756.00,780.00,769.90,776.49,"22,314","1,73,26,588.20","2,195","10,370",46.47
MAZDA,EQ,17-05-2023,769.90,783.85,808.80,761.20,779.00,775.00,791.26,"27,413","2,16,90,795.35","2,659","13,495",49.23
MAZDA,EQ,18-05-2023,775.00,777.00,802.55,746.65,750.50,753.55,774.01,"14,691","1,13,70,920.25","1,069","5,287",35.99
MAZDA,EQ,19-05-2023,753.55,753.00,772.25,753.00,760.45,758.20,762.49,"6,846","52,20,026.90",799,"3,666",53.55
MAZDA,EQ,22-05-2023,758.20,755.00,768.00,750.05,750.20,752.35,756.42,"3,083","23,32,027.80",433,"1,602",51.96
MAZDA,EQ,23-05-2023,752.35,757.90,767.95,730.15,734.00,735.20,748.38,"9,393","70,29,512.45",901,"3,959",42.15
MAZDA,EQ,24-05-2023,735.20,741.50,754.75,736.05,746.00,744.05,745.49,"3,274","24,40,718.65",486,"1,605",49.02
MAZDA,EQ,25-05-2023,744.05,744.05,805.00,741.25,760.00,762.60,777.71,"15,387","1,19,66,648.90","1,403","7,378",47.95
MAZDA,EQ,26-05-2023,762.60,859.00,915.10,829.00,915.10,915.10,893.81,"4,62,109","41,30,38,970.35","13,397","1,04,968",22.71
MAZDA,EQ,29-05-2023,915.10,939.85,"1,040.00",905.50,981.00,988.85,986.73,"8,88,705","87,69,14,727.75","41,637","1,00,576",11.32
MAZDA,EQ,30-05-2023,988.85,962.70,"1,015.00",946.00,"1,014.80","1,000.55",975.08,"86,521","8,43,65,018.35","7,221","25,257",29.19
MAZDA,EQ,31-05-2023,"1,000.55","1,000.00","1,010.00",964.00,967.00,976.75,988.73,"34,108","3,37,23,669.80","2,201","12,927",37.90
MAZDA,EQ,01-06-2023,976.75,975.00,999.00,966.25,981.00,980.80,983.94,"21,610","2,12,62,997.20","1,998","9,233",42.73
MAZDA,EQ,02-06-2023,980.80,987.15,"1,023.00",965.25,982.70,981.45,"1,007.32","81,160","8,17,53,860.15","4,728","37,359",46.03
MAZDA,EQ,05-06-2023,981.45,985.15,"1,026.00",970.00,996.00,995.70,"1,002.75","66,388","6,65,70,433.30","3,988","32,562",49.05
MAZDA,EQ,06-06-2023,995.70,"1,010.00","1,026.00","1,000.10","1,011.00","1,007.40","1,016.37","37,404","3,80,16,452.40","3,447","12,662",33.85
MAZDA,BE,07-06-2023,"1,007.40","1,010.00","1,026.90",957.05,957.05,957.05,965.15,"6,479","62,53,222.60",405,-,-
MAZDA,BE,08-06-2023,957.05,909.20,924.00,909.20,909.20,909.20,909.31,"21,380","1,94,41,031.00",666,-,-
MAZDA,BE,09-06-2023,909.20,865.05,935.00,863.75,900.00,906.65,879.68,"24,941","2,19,40,072.30",739,-,-
MAZDA,BE,12-06-2023,906.65,907.85,907.85,861.35,868.00,868.35,868.78,"10,047","87,28,605.85",544,-,-
MAZDA,BE,13-06-2023,868.35,899.90,899.90,865.50,884.00,874.95,878.48,"10,441","91,72,168.20",560,-,-
MAZDA,BE,14-06-2023,874.95,876.00,889.95,851.10,866.25,873.10,867.49,"5,992","51,98,001.75",240,-,-
MAZDA,BE,15-06-2023,873.10,880.00,880.00,852.10,860.00,861.40,863.56,"3,114","26,89,138.65",221,-,-
MAZDA,BE,16-06-2023,861.40,865.00,873.45,840.10,849.05,854.95,855.36,"4,931","42,17,759.10",250,-,-
MAZDA,BE,19-06-2023,854.95,850.00,860.00,832.30,835.00,835.65,844.23,"7,648","64,56,675.95",470,-,-
MAZDA,BE,20-06-2023,835.65,849.95,877.40,841.00,877.40,877.40,868.56,"3,711","32,23,236.75",244,-,-
MAZDA,BE,21-06-2023,877.40,921.25,921.25,881.55,889.50,895.85,907.55,"5,416","49,15,313.65",322,-,-
MAZDA,BE,22-06-2023,895.85,902.00,921.00,869.00,900.00,902.90,899.17,"2,913","26,19,282.20",209,-,-
MAZDA,BE,23-06-2023,902.90,895.00,914.00,870.05,900.00,895.75,894.00,"2,852","25,49,695.45",198,-,-
MAZDA,BE,26-06-2023,895.75,875.00,895.70,875.00,893.00,891.90,887.96,957,"8,49,774.70",145,-,-
MAZDA,BE,27-06-2023,891.90,891.90,905.00,881.00,887.70,887.60,887.72,"1,153","10,23,546.25",74,-,-
MAZDA,BE,28-06-2023,887.60,899.95,900.00,865.00,890.00,883.55,882.68,"2,116","18,67,745.90",137,-,-
MAZDA,BE,30-06-2023,883.55,870.00,898.00,865.00,880.00,879.60,877.19,"4,109","36,04,365.75",206,-,-
MAZDA,BE,03-07-2023,879.60,897.20,921.00,879.00,886.00,890.50,894.72,"2,408","21,54,494.50",185,-,-
MAZDA,BE,04-07-2023,890.50,919.00,919.00,860.05,873.15,874.60,874.47,"2,571","22,48,251.70",142,-,-
MAZDA,BE,05-07-2023,874.60,874.60,890.00,852.25,867.00,868.75,872.02,"2,616","22,81,214.40",167,-,-
MAZDA,BE,06-07-2023,868.75,884.85,884.85,860.00,860.40,862.85,864.20,"2,119","18,31,243.15",137,-,-
MAZDA,BE,07-07-2023,862.85,884.65,890.00,860.00,880.00,880.00,872.32,"5,896","51,43,204.60",213,-,-
MAZDA,BE,10-07-2023,880.00,899.95,899.95,868.00,888.00,883.80,884.18,"1,978","17,48,907.30",156,-,-
MAZDA,BE,11-07-2023,883.80,860.80,887.95,860.80,878.00,875.55,877.21,"2,044","17,93,009.80",76,-,-
MAZDA,BE,12-07-2023,875.55,875.55,888.80,850.05,871.00,860.30,865.66,"3,925","33,97,730.50",215,-,-
MAZDA,BE,13-07-2023,860.30,869.95,873.50,862.80,872.90,872.35,868.39,"1,534","13,32,105.15",83,-,-
MAZDA,BE,14-07-2023,872.35,867.00,887.20,860.00,879.90,865.20,870.85,"2,667","23,22,546.80",179,-,-
MAZDA,BE,17-07-2023,865.20,860.05,880.00,850.15,868.00,863.10,861.04,"3,196","27,51,891.05",159,-,-
MAZDA,BE,18-07-2023,863.10,867.95,869.95,852.10,869.00,865.25,860.20,"2,655","22,83,824.55",132,-,-
MAZDA,BE,19-07-2023,865.25,865.25,875.00,855.00,865.10,869.95,862.50,"2,313","19,94,960.05",118,-,-
MAZDA,BE,20-07-2023,869.95,874.95,875.00,865.10,870.00,870.00,871.25,"1,933","16,84,130.70",124,-,-
MAZDA,BE,21-07-2023,870.00,880.00,888.95,870.00,874.10,875.60,878.39,"1,026","9,01,230.05",88,-,-
MAZDA,BE,24-07-2023,875.60,870.00,919.35,870.00,919.30,918.75,909.35,"9,291","84,48,765.30",454,-,-
MAZDA,BE,25-07-2023,918.75,956.00,956.00,920.10,946.00,944.40,942.20,"9,793","92,27,000.25",356,-,-
MAZDA,BE,26-07-2023,944.40,943.00,947.70,920.00,932.00,925.90,932.14,"2,575","24,00,252.15",124,-,-
MAZDA,BE,27-07-2023,925.90,950.00,950.00,900.00,908.35,903.80,916.11,"1,039","9,51,838.85",69,-,-
MAZDA,BE,28-07-2023,903.80,903.80,920.50,860.70,880.00,874.75,887.25,"2,701","23,96,475.05",132,-,-
MAZDA,BE,31-07-2023,874.75,875.05,895.00,845.00,895.00,894.95,875.27,"4,787","41,89,893.80",219,-,-
MAZDA,BE,01-08-2023,894.95,911.00,911.00,880.00,901.00,896.55,896.40,"2,428","21,76,458.85",110,-,-
MAZDA,BE,02-08-2023,896.55,891.00,906.00,881.00,900.00,891.60,893.52,"2,604","23,26,725.55",128,-,-
MAZDA,BE,03-08-2023,891.60,880.50,904.00,880.50,903.95,899.10,895.44,"1,252","11,21,093.85",64,-,-
MAZDA,BE,04-08-2023,899.10,899.80,915.00,881.35,915.00,910.15,900.30,"1,880","16,92,566.45",91,-,-
MAZDA,BE,07-08-2023,910.15,925.00,930.00,902.00,915.00,919.45,916.05,"2,078","19,03,558.25",150,-,-
MAZDA,BE,08-08-2023,919.45,919.90,934.90,890.00,915.00,914.40,906.80,"2,396","21,72,702.90",143,-,-
MAZDA,BE,09-08-2023,914.40,913.00,920.00,894.00,903.00,917.90,911.09,"1,253","11,41,595.80",80,-,-
MAZDA,BE,10-08-2023,917.90,917.90,930.00,900.00,915.00,921.05,914.69,"2,001","18,30,289.40",90,-,-
MAZDA,BE,11-08-2023,921.05,931.00,959.90,928.10,935.00,943.50,940.26,"7,226","67,94,314.20",336,-,-
MAZDA,BE,14-08-2023,943.50,943.50,968.00,915.00,940.00,936.60,948.83,"4,535","43,02,923.80",203,-,-
MAZDA,BE,16-08-2023,936.60,921.00,944.75,921.00,944.50,940.85,940.29,"1,961","18,43,908.50",139,-,-
MAZDA,BE,17-08-2023,940.85,960.00,960.00,927.00,933.25,938.20,938.36,"2,017","18,92,681.25",136,-,-
MAZDA,BE,18-08-2023,938.20,935.00,947.95,891.30,910.00,898.85,907.91,"3,532","32,06,724.50",153,-,-
MAZDA,BE,21-08-2023,898.85,913.90,913.90,890.00,900.05,901.15,899.09,"2,491","22,39,638.85",78,-,-
MAZDA,BE,22-08-2023,901.15,902.00,902.00,885.10,887.55,891.50,892.69,"1,805","16,11,297.60",110,-,-
MAZDA,BE,23-08-2023,891.50,890.00,910.00,881.05,891.00,909.00,899.78,"3,268","29,40,485.40",137,-,-
MAZDA,BE,24-08-2023,909.00,924.80,949.00,901.00,901.15,906.25,924.59,"2,923","27,02,576.75",123,-,-
MAZDA,BE,25-08-2023,906.25,925.00,945.00,911.00,945.00,942.15,936.01,"4,240","39,68,693.80",199,-,-
MAZDA,BE,28-08-2023,942.15,940.00,950.00,910.00,926.30,925.95,936.95,"8,131","76,18,380.20",215,-,-
MAZDA,BE,29-08-2023,925.95,930.00,939.95,925.00,925.00,925.20,928.05,"3,176","29,47,484.30",65,-,-
MAZDA,BE,30-08-2023,925.20,925.20,971.45,925.20,971.45,971.45,966.59,"6,896","66,65,609.30",220,-,-
MAZDA,BE,31-08-2023,971.45,989.00,"1,018.00",980.20,"1,015.00","1,013.45","1,000.73","6,070","60,74,460.10",322,-,-
MAZDA,BE,01-09-2023,"1,013.45","1,038.00","1,038.00","1,000.00","1,003.00","1,009.70","1,013.58","4,925","49,91,870.05",223,-,-
MAZDA,BE,04-09-2023,"1,009.70","1,027.00","1,027.00","1,000.80","1,010.00","1,010.55","1,010.16","3,160","31,92,097.05",127,-,-
MAZDA,BE,05-09-2023,"1,010.55","1,001.00","1,025.00","1,001.00","1,020.00","1,013.25","1,011.64","4,471","45,23,041.65",170,-,-
MAZDA,BE,06-09-2023,"1,013.25","1,013.25","1,025.00","1,001.00","1,022.10","1,019.65","1,015.89","2,395","24,33,068.40",129,-,-
MAZDA,BE,07-09-2023,"1,019.65",970.05,"1,028.25",970.05,"1,028.25","1,026.55","1,001.78","5,232","52,41,324.85",197,-,-
MAZDA,BE,08-09-2023,"1,026.55","1,028.25","1,028.25",980.00,"1,019.90","1,013.35",994.54,"8,510","84,63,553.95",284,-,-
MAZDA,EQ,11-09-2023,"1,013.35","1,028.25","1,161.95","1,028.25","1,111.00","1,113.10","1,112.57","37,122","4,13,00,826.65","2,038","17,801",47.95
MAZDA,EQ,12-09-2023,"1,113.10","1,140.00","1,144.40","1,050.00","1,080.00","1,066.55","1,084.56","10,951","1,18,77,054.65","1,472","6,637",60.61
MAZDA,EQ,13-09-2023,"1,066.55","1,095.00","1,095.00","1,027.25","1,045.00","1,046.70","1,046.29","5,677","59,39,814.50",751,"3,538",62.32
MAZDA,EQ,14-09-2023,"1,046.70","1,075.05","1,092.90","1,048.05","1,075.00","1,070.35","1,068.45","5,728","61,20,087.35","1,124","2,897",50.58
MAZDA,EQ,15-09-2023,"1,070.35","1,090.00","1,096.25","1,040.05","1,047.00","1,048.90","1,056.78","5,003","52,87,069.45","1,063","2,373",47.43
MAZDA,EQ,18-09-2023,"1,048.90","1,067.00","1,067.00","1,014.05","1,032.80","1,031.20","1,035.39","3,504","36,28,009.30",850,"2,006",57.25
MAZDA,EQ,20-09-2023,"1,031.20","1,048.00","1,051.80",995.15,"1,006.00","1,006.15","1,008.56","6,303","63,56,965.25",961,"3,528",55.97
MAZDA,EQ,21-09-2023,"1,006.15",991.05,"1,034.10",990.05,"1,004.00",998.40,"1,009.60","7,543","76,15,432.50",612,"4,926",65.31
MAZDA,EQ,22-09-2023,998.40,993.50,"1,024.00",980.00,990.45,999.90,"1,001.57","7,144","71,55,250.70",910,"2,401",33.61
MAZDA,EQ,25-09-2023,999.90,"1,000.00","1,022.80",985.00,990.00,994.20,"1,005.15","2,755","27,69,189.85",614,"1,421",51.58
MAZDA,EQ,26-09-2023,994.20,"1,012.00","1,012.00",970.00,982.00,976.75,985.52,"6,017","59,29,890.35",830,"3,392",56.37
MAZDA,EQ,27-09-2023,976.75,977.10,996.35,975.00,982.00,991.40,990.47,"2,072","20,52,262.50",352,"1,199",57.87
MAZDA,EQ,28-09-2023,991.40,"1,044.95","1,180.00","1,044.95","1,118.00","1,129.55","1,139.61","1,94,531","22,16,89,795.90","13,131","38,228",19.65
MAZDA,EQ,29-09-2023,"1,129.55","1,115.00","1,187.00","1,111.55","1,160.00","1,168.85","1,164.81","46,130","5,37,32,800.10","6,319","14,378",31.17
MAZDA,EQ,03-10-2023,"1,168.85","1,168.85","1,168.85","1,125.00","1,129.50","1,136.00","1,147.65","10,784","1,23,76,292.90","1,697","4,872",45.18
MAZDA,EQ,04-10-2023,"1,136.00","1,136.15","1,150.00","1,100.00","1,139.00","1,122.65","1,129.74","16,213","1,83,16,516.85","2,604","8,238",50.81
MAZDA,EQ,05-10-2023,"1,122.65","1,150.00","1,161.00","1,125.50","1,140.00","1,137.75","1,148.54","13,906","1,59,71,650.60","2,055","6,978",50.18
MAZDA,EQ,06-10-2023,"1,137.75","1,137.75","1,161.95","1,107.00","1,137.00","1,124.25","1,144.57","9,529","1,09,06,567.70","1,447","5,672",59.52
MAZDA,EQ,09-10-2023,"1,124.25","1,101.00","1,130.00","1,059.55","1,076.00","1,077.45","1,084.96","8,922","96,79,981.45","1,555","4,813",53.95
MAZDA,EQ,10-10-2023,"1,077.45","1,098.95","1,229.00","1,098.95","1,220.00","1,213.20","1,200.48","1,71,053","20,53,46,380.95","18,872","27,981",16.36
MAZDA,EQ,11-10-2023,"1,213.20","1,236.25","1,236.25","1,193.40","1,223.50","1,220.50","1,217.29","32,964","4,01,26,730.00","4,617","13,927",42.25
MAZDA,EQ,12-10-2023,"1,220.50","1,235.00","1,349.90","1,213.75","1,290.00","1,264.70","1,296.01","94,021","12,18,52,502.15","13,194","24,339",25.89
MAZDA,EQ,13-10-2023,"1,264.70","1,264.75","1,339.00","1,234.75","1,310.00","1,304.10","1,306.68","52,250","6,82,74,112.20","8,266","14,210",27.20
MAZDA,EQ,16-10-2023,"1,304.10","1,335.00","1,377.00","1,317.10","1,324.50","1,325.35","1,350.76","44,219","5,97,29,113.30","7,281","15,697",35.50
MAZDA,EQ,17-10-2023,"1,325.35","1,345.25","1,369.00","1,338.10","1,350.40","1,352.50","1,350.94","18,047","2,43,80,375.10","2,720","8,339",46.21
MAZDA,EQ,18-10-2023,"1,352.50","1,352.50","1,401.85","1,352.50","1,359.00","1,357.20","1,379.16","28,812","3,97,36,398.90","4,910","11,970",41.55
MAZDA,EQ,19-10-2023,"1,357.20","1,365.05","1,384.00","1,358.00","1,358.00","1,365.25","1,371.37","12,538","1,71,94,273.30","1,761","5,735",45.74
MAZDA,EQ,20-10-2023,"1,365.25","1,365.30","1,378.45","1,301.00","1,319.70","1,310.50","1,330.27","17,256","2,29,55,138.65","2,555","9,421",54.60
MAZDA,EQ,23-10-2023,"1,310.50","1,319.70","1,354.40","1,237.90","1,280.00","1,263.95","1,302.66","23,539","3,06,63,204.80","3,388","8,169",34.70
MAZDA,EQ,25-10-2023,"1,263.95","1,292.95","1,296.60","1,238.05","1,261.95","1,251.50","1,262.09","9,928","1,25,30,057.50","1,848","4,357",43.89
MAZDA,EQ,26-10-2023,"1,251.50","1,251.00","1,251.00","1,185.00","1,250.00","1,239.85","1,211.08","15,766","1,90,93,855.65","2,349","7,518",47.68
MAZDA,EQ,27-10-2023,"1,239.85","1,327.00","1,327.00","1,230.25","1,270.00","1,263.35","1,274.50","12,668","1,61,45,356.80","2,367","3,917",30.92
MAZDA,EQ,30-10-2023,"1,263.35","1,285.00","1,322.00","1,256.80","1,315.00","1,308.55","1,289.52","8,139","1,04,95,442.45","1,762","3,420",42.02
MAZDA,EQ,31-10-2023,"1,308.55","1,326.75","1,333.20","1,230.00","1,253.10","1,244.15","1,280.35","18,213","2,33,18,943.90","3,311","8,338",45.78
MAZDA,EQ,01-11-2023,"1,244.15","1,255.00","1,444.00","1,255.00","1,370.00","1,368.50","1,388.99","2,04,418","28,39,34,913.60","22,732","27,919",13.66
MAZDA,EQ,02-11-2023,"1,368.50","1,396.00","1,405.40","1,337.10","1,341.00","1,354.05","1,376.28","33,565","4,61,94,818.40","4,442","9,640",28.72
MAZDA,EQ,03-11-2023,"1,354.05","1,365.00","1,365.00","1,311.35","1,338.00","1,322.70","1,335.93","16,084","2,14,87,023.30","2,582","5,639",35.06
MAZDA,EQ,06-11-2023,"1,322.70","1,349.15","1,429.20","1,349.15","1,395.00","1,395.10","1,402.53","43,952","6,16,43,890.00","5,638","12,570",28.60
MAZDA,EQ,07-11-2023,"1,395.10","1,407.20","1,425.00","1,380.00","1,399.00","1,393.75","1,397.99","15,345","2,14,52,124.10","2,268","5,288",34.46
MAZDA,EQ,08-11-2023,"1,393.75","1,398.00","1,435.95","1,337.75","1,357.00","1,359.15","1,410.62","56,501","7,97,01,228.95","5,230","20,463",36.22
MAZDA,EQ,09-11-2023,"1,359.15","1,375.65","1,400.00","1,350.25","1,370.00","1,379.80","1,379.34","30,744","4,24,06,307.45","3,170","9,294",30.23
MAZDA,EQ,10-11-2023,"1,379.80","1,325.05","1,327.45","1,290.00","1,291.00","1,295.05","1,304.74","38,522","5,02,61,004.50","4,115","16,980",44.08
MAZDA,EQ,12-11-2023,"1,295.05","1,320.90","1,340.00","1,260.00","1,311.00","1,308.10","1,295.92","9,335","1,20,97,396.55","1,202","4,433",47.49
MAZDA,EQ,13-11-2023,"1,308.10","1,308.90","1,322.75","1,290.90","1,306.75","1,299.25","1,305.91","8,028","1,04,83,840.35","1,353","3,263",40.65
MAZDA,EQ,15-11-2023,"1,299.25","1,319.90","1,324.80","1,291.00","1,311.05","1,302.45","1,304.95","8,108","1,05,80,569.90","1,330","3,514",43.34
MAZDA,EQ,16-11-2023,"1,302.45","1,309.05","1,319.00","1,280.50","1,303.00","1,302.40","1,307.62","10,779","1,40,94,858.75","1,804","4,192",38.89
MAZDA,EQ,17-11-2023,"1,302.40","1,302.40","1,319.95","1,284.85","1,299.00","1,297.30","1,301.52","6,366","82,85,454.40","1,060","2,348",36.88
MAZDA,EQ,20-11-2023,"1,297.30","1,297.35","1,310.00","1,254.10","1,277.25","1,290.10","1,284.39","13,310","1,70,95,284.40","2,354","5,007",37.62
MAZDA,EQ,21-11-2023,"1,290.10","1,290.00","1,300.45","1,265.90","1,275.00","1,275.45","1,281.94","10,456","1,34,03,997.05","1,376","4,605",44.04
MAZDA,EQ,22-11-2023,"1,275.45","1,282.10","1,450.00","1,276.55","1,361.00","1,354.15","1,384.18","1,17,935","16,32,43,355.70","13,839","20,278",17.19
MAZDA,EQ,23-11-2023,"1,354.15","1,360.05","1,396.10","1,325.00","1,338.00","1,346.25","1,359.69","28,272","3,84,41,016.90","4,801","6,229",22.03
MAZDA,EQ,24-11-2023,"1,346.25","1,351.80","1,367.90","1,319.25","1,326.00","1,332.90","1,339.45","11,428","1,53,07,184.60","1,725","4,590",40.16
MAZDA,EQ,28-11-2023,"1,332.90","1,320.20","1,338.00","1,299.85","1,338.00","1,321.75","1,316.94","11,456","1,50,86,853.35","1,564","5,030",43.91
MAZDA,EQ,29-11-2023,"1,321.75","1,333.80","1,369.90","1,325.00","1,327.00","1,339.55","1,349.75","11,436","1,54,35,727.10","1,994","3,437",30.05
MAZDA,EQ,30-11-2023,"1,339.55","1,352.95","1,360.45","1,260.05","1,291.00","1,293.65","1,292.24","36,615","4,73,15,185.55","4,312","16,438",44.89
MAZDA,EQ,01-12-2023,"1,293.65","1,317.95","1,324.95","1,300.00","1,312.00","1,308.05","1,307.78","11,002","1,43,88,235.25","1,604","4,570",41.54
MAZDA,EQ,04-12-2023,"1,308.05","1,315.00","1,323.90","1,288.55","1,291.00","1,297.75","1,302.40","15,175","1,97,63,926.20","2,149","6,578",43.35
MAZDA,EQ,05-12-2023,"1,297.75","1,314.75","1,318.25","1,283.05","1,285.00","1,290.80","1,296.67","14,641","1,89,84,498.55","1,539","7,984",54.53
MAZDA,EQ,06-12-2023,"1,290.80","1,291.55","1,305.35","1,249.70","1,267.00","1,273.35","1,275.28","16,037","2,04,51,631.20","1,825","7,952",49.59
MAZDA,EQ,07-12-2023,"1,273.35","1,291.65","1,324.90","1,279.55","1,292.00","1,290.80","1,301.69","11,378","1,48,10,614.80","1,720","3,708",32.59
MAZDA,EQ,08-12-2023,"1,290.80","1,308.00","1,330.00","1,287.60","1,303.00","1,294.90","1,310.52","9,441","1,23,72,657.95","1,349","3,431",36.34
MAZDA,EQ,11-12-2023,"1,294.90","1,309.00","1,338.15","1,300.00","1,300.10","1,306.50","1,316.80","14,876","1,95,88,771.65","2,113","3,659",24.60
MAZDA,EQ,12-12-2023,"1,306.50","1,310.00","1,319.00","1,290.00","1,316.00","1,306.05","1,304.43","4,606","60,08,200.95",779,"2,283",49.57
MAZDA,EQ,13-12-2023,"1,306.05","1,315.95","1,315.95","1,274.70","1,299.95","1,290.85","1,292.23","10,267","1,32,67,310.15","1,544","3,955",38.52
MAZDA,EQ,14-12-2023,"1,290.85","1,307.85","1,390.00","1,297.60","1,340.00","1,338.30","1,346.53","72,154","9,71,57,594.85","10,319","14,115",19.56
MAZDA,EQ,15-12-2023,"1,338.30","1,354.95","1,354.95","1,302.00","1,319.95","1,317.55","1,321.88","10,539","1,39,31,280.15","1,784","3,297",31.28
MAZDA,EQ,18-12-2023,"1,317.55","1,320.00","1,330.45","1,300.00","1,315.00","1,311.65","1,313.28","11,132","1,46,19,475.50","1,353","5,619",50.48
MAZDA,EQ,19-12-2023,"1,311.65","1,301.45","1,324.00","1,282.00","1,309.95","1,298.80","1,303.38","11,627","1,51,54,386.45","1,542","6,130",52.72
MAZDA,EQ,20-12-2023,"1,298.80","1,318.25","1,325.00","1,197.50","1,224.00","1,214.45","1,263.30","12,393","1,56,56,068.15","2,153","6,203",50.05
MAZDA,EQ,21-12-2023,"1,214.45","1,225.00","1,282.75","1,225.00","1,230.30","1,234.95","1,254.03","9,716","1,21,84,140.05","1,669","2,970",30.57
MAZDA,EQ,22-12-2023,"1,234.95","1,253.45","1,270.05","1,241.10","1,250.00","1,255.50","1,253.13","5,819","72,91,953.20",886,"2,406",41.35
MAZDA,EQ,26-12-2023,"1,255.50","1,255.50","1,270.00","1,240.00","1,248.00","1,249.95","1,251.88","7,203","90,17,299.90","1,288","3,060",42.48
MAZDA,EQ,27-12-2023,"1,249.95","1,265.00","1,413.00","1,257.55","1,363.00","1,359.00","1,368.84","1,82,459","24,97,56,500.25","15,101","28,631",15.69
MAZDA,EQ,28-12-2023,"1,359.00","1,368.00","1,377.45","1,311.35","1,325.00","1,322.70","1,337.56","19,737","2,63,99,353.95","3,491","6,996",35.45
MAZDA,EQ,29-12-2023,"1,322.70","1,339.00","1,339.00","1,296.25","1,314.30","1,307.95","1,309.92","28,908","3,78,67,050.30","5,245","3,819",13.21
MAZDA,EQ,01-01-2024,"1,307.95","1,327.55","1,327.55","1,295.95","1,301.00","1,302.40","1,305.27","8,905","1,16,23,457.05","1,969","3,801",42.68
MAZDA,EQ,02-01-2024,"1,302.40","1,302.00","1,325.95","1,282.70","1,302.05","1,307.10","1,306.55","11,359","1,48,41,101.60","2,420","3,445",30.33
MAZDA,EQ,03-01-2024,"1,307.10","1,320.00","1,320.00","1,288.00","1,300.00","1,296.15","1,295.36","7,671","99,36,736.95","1,435","3,482",45.39
MAZDA,EQ,04-01-2024,"1,296.15","1,300.45","1,400.00","1,290.05","1,308.75","1,303.70","1,342.68","38,647","5,18,90,377.75","5,035","8,468",21.91
MAZDA,EQ,05-01-2024,"1,303.70","1,316.75","1,339.70","1,301.35","1,307.60","1,315.70","1,324.75","17,841","2,36,34,941.30","3,094","5,368",30.09
MAZDA,EQ,08-01-2024,"1,315.70","1,329.95","1,340.00","1,309.55","1,330.00","1,328.40","1,322.20","10,658","1,40,92,020.00","1,513","4,638",43.52
MAZDA,EQ,09-01-2024,"1,328.40","1,349.80","1,349.80","1,302.05","1,302.05","1,317.85","1,329.67","6,173","82,08,059.95",875,"3,640",58.97
MAZDA,EQ,10-01-2024,"1,317.85","1,340.00","1,428.75","1,340.00","1,371.00","1,370.65","1,388.67","99,230","13,77,97,557.05","13,041","31,815",32.06
MAZDA,EQ,11-01-2024,"1,370.65","1,380.00","1,489.20","1,375.10","1,458.70","1,437.05","1,454.13","1,41,179","20,52,92,923.10","19,529","37,409",26.5
MAZDA,EQ,12-01-2024,"1,437.05","1,547.00","1,547.00","1,502.00","1,539.60","1,529.80","1,523.56","1,26,780","19,31,57,276.15","13,149","48,646",38.37
MAZDA,EQ,15-01-2024,"1,529.80","1,570.00","1,584.90","1,525.65","1,543.00","1,536.25","1,549.17","46,025","7,13,00,686.45","6,782","18,530",40.26
MAZDA,EQ,16-01-2024,"1,536.25","1,536.25","1,547.25","1,500.00","1,519.80","1,521.70","1,516.46","16,795","2,54,69,005.80","3,054","6,846",40.76
MAZDA,EQ,17-01-2024,"1,521.70","1,516.00","1,516.00","1,468.50","1,489.00","1,479.05","1,485.40","17,770","2,63,95,545.00","3,206","7,304",41.1
MAZDA,EQ,18-01-2024,"1,479.05","1,501.25","1,544.95","1,459.70","1,540.25","1,532.85","1,505.86","18,695","2,81,52,080.10","4,797","5,762",30.82
MAZDA,EQ,19-01-2024,"1,532.85","1,555.85","1,555.85","1,492.05","1,510.00","1,505.15","1,514.64","12,547","1,90,04,186.70","2,116","6,053",48.24
MAZDA,EQ,20-01-2024,"1,505.15","1,534.95","1,539.90","1,495.00","1,525.00","1,528.75","1,524.39","7,322","1,11,61,578.50","1,230","3,294",44.99
MAZDA,EQ,23-01-2024,"1,528.75","1,540.00","1,544.95","1,445.60","1,456.00","1,459.90","1,477.61","24,360","3,59,94,639.55","3,656","11,469",47.08
MAZDA,EQ,24-01-2024,"1,459.90","1,489.85","1,660.95","1,464.95","1,566.00","1,556.55","1,576.35","81,697","12,87,82,915.10","12,921","16,796",20.56
MAZDA,EQ,25-01-2024,"1,556.55","1,580.00","1,598.60","1,512.50","1,533.10","1,543.20","1,551.37","21,029","3,26,23,853.75","4,831","6,101",29.01
MAZDA,EQ,29-01-2024,"1,543.20","1,566.35","1,566.35","1,519.95","1,529.95","1,531.90","1,532.29","10,239","1,56,89,132.25","2,181","5,175",50.54
MAZDA,EQ,30-01-2024,"1,531.90","1,549.90","1,624.90","1,520.00","1,538.00","1,528.25","1,569.94","39,130","6,14,31,866.20","6,547","7,987",20.41
MAZDA,EQ,31-01-2024,"1,528.25","1,551.15","1,554.95","1,519.55","1,538.05","1,529.50","1,535.01","6,872","1,05,48,569.80","1,406","3,091",44.98
MAZDA,EQ,01-02-2024,"1,529.50","1,526.00","1,537.40","1,488.00","1,507.00","1,504.00","1,509.42","8,464","1,27,75,712.25","2,231","4,521",53.41
MAZDA,EQ,02-02-2024,"1,504.00","1,500.40","1,555.00","1,485.00","1,505.00","1,504.70","1,513.13","9,802","1,48,31,707.00","1,787","5,644",57.58
MAZDA,EQ,05-02-2024,"1,504.70","1,501.25","1,535.00","1,490.00","1,492.00","1,504.20","1,504.85","5,492","82,64,622.15","1,205","2,685",48.89
MAZDA,EQ,06-02-2024,"1,504.20","1,493.05","1,534.85","1,480.05","1,525.00","1,492.30","1,500.11","15,204","2,28,07,648.80","2,343","5,869",38.6
MAZDA,EQ,07-02-2024,"1,492.30","1,521.90","1,531.55","1,498.00","1,505.25","1,512.30","1,510.39","6,693","1,01,09,049.30","1,263","3,086",46.11
MAZDA,EQ,08-02-2024,"1,512.30","1,524.30","1,550.00","1,502.00","1,506.00","1,508.95","1,522.12","5,687","86,56,288.05","1,285","1,953",34.34
MAZDA,EQ,09-02-2024,"1,508.95","1,508.95","1,650.00","1,482.10","1,545.00","1,547.75","1,580.68","1,10,935","17,53,53,121.45","11,584","16,323",14.71
MAZDA,EQ,12-02-2024,"1,547.75","1,563.00","1,577.15","1,499.45","1,530.00","1,521.20","1,534.25","21,502","3,29,89,427.40","4,769","8,710",40.51
MAZDA,EQ,13-02-2024,"1,521.20","1,573.00","1,594.00","1,466.05","1,536.00","1,523.25","1,521.58","32,979","5,01,80,041.25","7,065","6,626",20.09
MAZDA,EQ,14-02-2024,"1,523.25","1,455.00","1,483.55","1,425.00","1,425.00","1,433.35","1,450.45","30,716","4,45,51,931.25","7,093","13,167",42.87
MAZDA,EQ,15-02-2024,"1,433.35","1,437.00","1,469.95","1,404.90","1,423.90","1,413.45","1,436.64","15,506","2,22,76,529.10","2,610","6,761",43.6
MAZDA,EQ,16-02-2024,"1,413.45","1,425.05","1,475.00","1,395.20","1,416.75","1,404.55","1,419.07","15,478","2,19,64,373.95","2,946","6,979",45.09
MAZDA,EQ,19-02-2024,"1,404.55","1,410.00","1,428.00","1,390.55","1,400.70","1,398.90","1,404.69","10,874","1,52,74,628.60","1,973","5,640",51.87
MAZDA,EQ,20-02-2024,"1,398.90","1,398.90","1,470.00","1,384.35","1,428.00","1,423.65","1,430.24","26,241","3,75,30,969.30","4,749","6,100",23.25
MAZDA,EQ,21-02-2024,"1,423.65","1,434.30","1,438.45","1,380.10","1,392.00","1,390.20","1,406.24","8,066","1,13,42,710.20","1,665","3,527",43.73
MAZDA,EQ,22-02-2024,"1,390.20","1,390.20","1,449.55","1,375.60","1,439.50","1,436.50","1,427.74","15,375","2,19,51,493.45","3,091","6,297",40.96
MAZDA,EQ,23-02-2024,"1,436.50","1,439.60","1,446.00","1,422.70","1,441.95","1,439.40","1,436.07","5,473","78,59,612.65","1,109","2,573",47.01
MAZDA,EQ,26-02-2024,"1,439.40","1,439.00","1,444.90","1,420.90","1,426.00","1,431.70","1,431.59","5,647","80,84,198.05","1,069","2,848",50.43
MAZDA,EQ,27-02-2024,"1,431.70","1,439.70","1,480.00","1,407.00","1,449.00","1,418.45","1,453.62","31,574","4,58,96,509.00","4,403","8,925",28.27
MAZDA,EQ,28-02-2024,"1,418.45","1,427.65","1,435.95","1,334.65","1,408.00","1,394.55","1,384.20","17,512","2,42,40,049.20","2,562","7,670",43.8
MAZDA,EQ,29-02-2024,"1,394.55","1,380.65","1,415.95","1,352.00","1,380.00","1,372.80","1,369.68","9,713","1,33,03,692.45","2,060","4,387",45.17
MAZDA,EQ,01-03-2024,"1,372.80","1,372.80","1,470.20","1,365.55","1,425.00","1,422.20","1,417.93","19,817","2,80,99,072.90","3,595","4,388",22.14
MAZDA,EQ,02-03-2024,"1,422.20","1,458.55","1,458.55","1,400.00","1,438.00","1,427.15","1,426.11","1,767","25,19,938.45",198,"1,152",65.2
MAZDA,EQ,04-03-2024,"1,427.15","1,427.15","1,450.80","1,394.05","1,396.00","1,402.80","1,429.36","8,568","1,22,46,713.95","1,060","3,315",38.69
MAZDA,EQ,05-03-2024,"1,402.80","1,415.00","1,415.00","1,358.10","1,378.85","1,369.00","1,378.31","6,509","89,71,417.35","1,341","3,582",55.03
MAZDA,EQ,06-03-2024,"1,369.00","1,378.60","1,379.30","1,315.00","1,340.00","1,337.45","1,333.91","7,173","95,68,118.80","1,753","3,281",45.74
MAZDA,EQ,07-03-2024,"1,337.45","1,357.50","1,375.00","1,324.10","1,336.15","1,337.95","1,346.92","6,598","88,87,010.00","1,211","2,958",44.83
MAZDA,EQ,11-03-2024,"1,337.95","1,346.00","1,346.00","1,301.00","1,304.50","1,305.40","1,316.78","5,099","67,14,272.60","1,066","2,665",52.27
MAZDA,EQ,12-03-2024,"1,305.40","1,290.00","1,290.00","1,242.30","1,259.90","1,258.10","1,261.95","10,600","1,33,76,620.70","1,621","4,355",41.08
MAZDA,EQ,13-03-2024,"1,258.10","1,271.00","1,271.00","1,128.25","1,145.00","1,142.75","1,190.55","18,451","2,19,66,923.35","3,155","9,530",51.65
MAZDA,EQ,14-03-2024,"1,142.75","1,140.00","1,260.00","1,103.55","1,242.95","1,243.60","1,196.18","13,404","1,60,33,619.95","2,403","5,745",42.86
MAZDA,EQ,15-03-2024,"1,243.60","1,243.00","1,247.95","1,200.00","1,220.00","1,217.70","1,219.46","6,550","79,87,459.55","1,114","2,437",37.21
MAZDA,EQ,18-03-2024,"1,217.70","1,226.20","1,241.85","1,200.80","1,212.00","1,219.05","1,213.25","5,167","62,68,877.40",674,"2,885",55.84
MAZDA,EQ,19-03-2024,"1,219.05","1,211.00","1,244.90","1,209.00","1,226.85","1,221.15","1,226.14","8,785","1,07,71,672.30","1,010","5,752",65.48
MAZDA,EQ,20-03-2024,"1,221.15","1,220.00","1,349.95","1,204.05","1,240.05","1,247.50","1,277.18","24,701","3,15,47,634.15","2,521","4,288",17.36
MAZDA,EQ,21-03-2024,"1,247.50","1,247.25","1,292.90","1,247.25","1,280.00","1,281.20","1,273.52","5,273","67,15,261.80",899,"2,780",52.72
MAZDA,EQ,22-03-2024,"1,281.20","1,283.00","1,367.00","1,255.25","1,333.00","1,328.95","1,324.99","26,407","3,49,88,919.95","2,999","3,862",14.62
MAZDA,EQ,26-03-2024,"1,328.95","1,329.00","1,352.80","1,290.90","1,312.00","1,303.90","1,326.59","8,251","1,09,45,666.35","1,635","4,200",50.9
MAZDA,EQ,27-03-2024,"1,303.90","1,313.05","1,366.90","1,313.05","1,332.00","1,325.95","1,333.07","13,642","1,81,85,698.80","1,792","6,015",44.09
MAZDA,EQ,28-03-2024,"1,325.95","1,324.95","1,389.95","1,273.20","1,324.00","1,288.00","1,332.06","21,731","2,89,46,920.80","2,498","5,063",23.3
MAZDA,EQ,01-04-2024,"1,288.00","1,298.95","1,337.10","1,289.30","1,337.00","1,328.95","1,326.38","7,827","1,03,81,588.75","1,081","4,331",55.33
MAZDA,EQ,02-04-2024,"1,328.95","1,328.90","1,352.45","1,316.65","1,345.00","1,345.10","1,340.93","5,043","67,62,305.00",666,"2,841",56.34
MAZDA,EQ,03-04-2024,"1,345.10","1,345.10","1,358.05","1,330.10","1,338.90","1,340.25","1,343.34","7,211","96,86,856.50","1,050","3,343",46.36
MAZDA,EQ,04-04-2024,"1,340.25","1,341.00","1,372.40","1,341.00","1,365.00","1,360.85","1,357.96","5,068","68,82,117.90",959,"2,256",44.51
MAZDA,EQ,05-04-2024,"1,360.85","1,374.30","1,495.30","1,342.65","1,489.00","1,477.00","1,464.25","2,20,333","32,26,23,330.05","14,477","26,349",11.96
MAZDA,EQ,08-04-2024,"1,477.00","1,485.45","1,535.00","1,425.20","1,515.00","1,517.50","1,507.74","1,22,793","18,51,39,780.35","11,491","19,988",16.28
MAZDA,EQ,09-04-2024,"1,517.50","1,513.00","1,545.00","1,442.05","1,467.00","1,464.15","1,507.57","34,546","5,20,80,500.65","4,674","8,921",25.82
MAZDA,EQ,10-04-2024,"1,464.15","1,467.00","1,514.60","1,454.50","1,483.00","1,477.65","1,478.16","13,623","2,01,36,962.50","2,463","3,919",28.77
MAZDA,EQ,12-04-2024,"1,477.65","1,477.65","1,487.95","1,452.15","1,462.05","1,462.25","1,464.98","10,101","1,47,97,769.70","1,300","5,357",53.03
MAZDA,EQ,15-04-2024,"1,462.25","1,430.00","1,524.90","1,375.00","1,444.00","1,418.95","1,452.27","40,346","5,85,93,429.30","6,967","6,817",16.9
MAZDA,EQ,16-04-2024,"1,418.95","1,419.05","1,469.80","1,418.00","1,430.50","1,431.40","1,444.81","14,271","2,06,18,824.55","2,485","3,446",24.15
MAZDA,EQ,18-04-2024,"1,431.40","1,459.95","1,490.00","1,406.05","1,424.00","1,418.05","1,441.72","9,295","1,34,00,748.85","2,078","3,451",37.13
MAZDA,EQ,19-04-2024,"1,418.05","1,395.00","1,510.00","1,387.15","1,460.00","1,458.60","1,461.07","29,525","4,31,38,218.00","5,243","4,928",16.69
MAZDA,EQ,22-04-2024,"1,458.60","1,465.15","1,483.45","1,420.15","1,438.00","1,431.70","1,452.73","8,399","1,22,01,504.60","1,656","3,357",39.97
MAZDA,EQ,23-04-2024,"1,431.70","1,444.90","1,455.00","1,427.05","1,444.80","1,434.55","1,438.97","9,627","1,38,52,973.15","2,102","3,261",33.87
MAZDA,EQ,24-04-2024,"1,434.55","1,444.60","1,455.00","1,430.00","1,444.00","1,437.70","1,443.50","7,658","1,10,54,334.25","1,613","3,600",47.01
MAZDA,EQ,25-04-2024,"1,437.70","1,444.00","1,473.00","1,434.05","1,464.00","1,458.00","1,455.41","7,819","1,13,79,881.85","1,735","2,772",35.45
MAZDA,EQ,26-04-2024,"1,458.00","1,458.85","1,543.00","1,446.00","1,451.30","1,451.15","1,500.62","53,347","8,00,53,343.60","5,920","10,521",19.72
MAZDA,EQ,29-04-2024,"1,451.15","1,463.00","1,489.90","1,455.00","1,468.00","1,465.50","1,466.27","4,658","68,29,901.40","1,069","2,275",48.84
MAZDA,EQ,30-04-2024,"1,465.50","1,465.00","1,475.75","1,440.00","1,440.05","1,443.80","1,449.25","6,599","95,63,631.25","1,063","4,079",61.81
MAZDA,EQ,02-05-2024,"1,443.80","1,465.00","1,465.00","1,436.65","1,441.00","1,449.50","1,448.08","4,397","63,67,212.80",921,"2,107",47.92
MAZDA,EQ,03-05-2024,"1,449.50","1,469.90","1,469.90","1,421.00","1,431.00","1,424.60","1,437.43","5,456","78,42,625.65","1,024","2,736",50.15
MAZDA,EQ,06-05-2024,"1,424.60","1,490.00","1,490.00","1,452.10","1,452.10","1,465.70","1,468.73","16,056","2,35,81,989.60","2,157","6,756",42.08
MAZDA,EQ,07-05-2024,"1,465.70","1,474.00","1,475.85","1,426.10","1,443.00","1,446.45","1,445.90","6,719","97,14,974.00","1,126","3,042",45.27
MAZDA,EQ,08-05-2024,"1,446.45","1,469.80","1,469.85","1,444.95","1,455.00","1,454.80","1,456.77","4,140","60,31,041.30",884,"1,747",42.2
MAZDA,EQ,09-05-2024,"1,454.80","1,455.00","1,455.80","1,401.00","1,410.00","1,417.00","1,423.13","3,422","48,69,937.20",852,"1,747",51.05
MAZDA,EQ,10-05-2024,"1,417.00","1,444.00","1,461.35","1,416.00","1,434.00","1,432.55","1,442.86","3,931","56,71,901.50",824,"2,069",52.63
MAZDA,EQ,13-05-2024,"1,432.55","1,442.00","1,442.00","1,365.00","1,370.00","1,381.80","1,389.23","8,553","1,18,82,060.15","1,562","4,360",50.98
MAZDA,EQ,14-05-2024,"1,381.80","1,389.95","1,406.75","1,361.50","1,369.80","1,366.35","1,378.98","6,956","95,92,206.30","1,179","4,178",60.06
MAZDA,EQ,15-05-2024,"1,366.35","1,385.00","1,419.25","1,375.95","1,414.50","1,412.05","1,398.03","8,660","1,21,06,981.30","1,485","3,195",36.89
MAZDA,EQ,16-05-2024,"1,412.05","1,419.45","1,423.80","1,398.50","1,410.00","1,409.85","1,412.22","4,312","60,89,489.70",926,"1,874",43.46
MAZDA,EQ,17-05-2024,"1,409.85","1,418.95","1,470.00","1,418.40","1,451.30","1,459.00","1,454.99","15,664","2,27,90,970.40","2,977","5,630",35.94
MAZDA,EQ,18-05-2024,"1,459.00","1,462.05","1,490.00","1,429.85","1,450.10","1,454.45","1,464.23","1,577","23,09,096.40",287,"1,034",65.57
MAZDA,EQ,21-05-2024,"1,454.45","1,456.90","1,485.00","1,433.10","1,472.00","1,466.70","1,457.51","7,094","1,03,39,577.15","1,716","4,142",58.39
MAZDA,EQ,22-05-2024,"1,466.70","1,470.00","1,490.00","1,449.45","1,458.50","1,452.90","1,467.99","6,858","1,00,67,467.95","1,530","3,263",47.58
MAZDA,EQ,23-05-2024,"1,452.90","1,474.70","1,478.40","1,421.00","1,436.00","1,435.85","1,442.78","9,114","1,31,49,521.00","2,361","3,735",40.98
MAZDA,EQ,24-05-2024,"1,435.85","1,398.00","1,398.00","1,305.00","1,330.00","1,332.55","1,358.70","39,102","5,31,28,077.95","4,229","16,897",43.21
MAZDA,EQ,27-05-2024,"1,332.55","1,312.55","1,346.80","1,312.50","1,320.10","1,322.30","1,326.52","10,042","1,33,20,960.20","1,797","4,986",49.65
MAZDA,EQ,28-05-2024,"1,322.30","1,332.90","1,400.00","1,326.75","1,376.85","1,372.95","1,370.08","21,168","2,90,01,791.30","3,599","4,821",22.77
MAZDA,EQ,29-05-2024,"1,372.95","1,378.45","1,389.45","1,346.20","1,373.00","1,365.60","1,363.33","8,294","1,13,07,475.80","1,983","2,633",31.75
MAZDA,EQ,30-05-2024,"1,365.60","1,350.00","1,370.00","1,328.65","1,348.00","1,336.45","1,352.22","4,599","62,18,846.60","1,184","2,378",51.71
MAZDA,EQ,31-05-2024,"1,336.45","1,302.70","1,345.45","1,302.70","1,310.15","1,319.10","1,320.14","8,895","1,17,42,606.25","1,804","3,730",41.93
MAZDA,EQ,03-06-2024,"1,319.10","1,384.80","1,400.00","1,318.95","1,342.00","1,335.60","1,337.94","7,800","1,04,35,904.75","1,571","4,277",54.83
MAZDA,EQ,04-06-2024,"1,335.60","1,345.00","1,345.00","1,230.05","1,288.55","1,259.20","1,290.21","15,620","2,01,53,092.75","3,126","4,980",31.88
MAZDA,EQ,05-06-2024,"1,259.20","1,262.85","1,337.90","1,256.60","1,303.30","1,322.60","1,297.89","5,447","70,69,632.60","1,408","2,051",37.65
MAZDA,EQ,06-06-2024,"1,322.60","1,333.20","1,345.70","1,308.05","1,326.95","1,323.35","1,327.54","7,944","1,05,46,013.90","1,808","2,744",34.54
MAZDA,EQ,07-06-2024,"1,323.35","1,309.30","1,370.00","1,309.30","1,364.45","1,361.75","1,357.93","5,592","75,93,568.30","1,574","2,225",39.79
MAZDA,EQ,10-06-2024,"1,361.75","1,365.15","1,382.95","1,352.00","1,360.65","1,364.35","1,366.32","4,610","62,98,728.70","1,145","2,155",46.75
MAZDA,EQ,11-06-2024,"1,364.35","1,368.00","1,421.70","1,350.05","1,376.70","1,374.70","1,379.08","20,395","2,81,26,300.90","2,804","13,107",64.27
MAZDA,EQ,12-06-2024,"1,374.70","1,365.00","1,413.00","1,365.00","1,405.00","1,408.15","1,400.62","14,488","2,02,92,133.85","3,333","9,248",63.83
MAZDA,EQ,13-06-2024,"1,408.15","1,408.15","1,416.35","1,400.00","1,402.00","1,402.60","1,403.39","5,532","77,63,580.65","1,273","2,898",52.39
MAZDA,EQ,14-06-2024,"1,402.60","1,415.10","1,440.00","1,381.00","1,390.00","1,397.20","1,413.95","12,601","1,78,17,134.70","2,528","4,892",38.82
MAZDA,EQ,18-06-2024,"1,397.20","1,418.15","1,467.00","1,398.20","1,442.80","1,426.30","1,435.35","23,564","3,38,22,539.05","4,332","9,113",38.67
MAZDA,EQ,19-06-2024,"1,426.30","1,436.00","1,450.00","1,406.05","1,411.05","1,412.80","1,421.56","5,908","83,98,578.70","1,709","2,674",45.26
MAZDA,EQ,20-06-2024,"1,412.80","1,414.00","1,429.50","1,404.05","1,416.65","1,409.70","1,415.15","5,515","78,04,579.80","1,528","2,523",45.75
MAZDA,EQ,21-06-2024,"1,409.70","1,430.85","1,442.00","1,400.00","1,442.00","1,416.35","1,415.17","4,046","57,25,780.90","1,060","2,092",51.71
MAZDA,EQ,24-06-2024,"1,416.35","1,416.35","1,440.00","1,375.00","1,386.50","1,387.90","1,395.76","6,631","92,55,271.05","1,892","2,507",37.81
MAZDA,EQ,25-06-2024,"1,387.90","1,370.00","1,420.00","1,370.00","1,384.00","1,380.80","1,390.49","7,776","1,08,12,423.85","1,699","3,126",40.2
MAZDA,EQ,26-06-2024,"1,380.80","1,394.60","1,420.00","1,365.00","1,365.00","1,381.90","1,390.71","10,388","1,44,46,665.00","1,857","3,453",33.24
MAZDA,EQ,27-06-2024,"1,381.90","1,398.95","1,398.95","1,350.00","1,361.00","1,357.90","1,363.56","4,918","67,05,972.50","1,238","2,501",50.85
MAZDA,EQ,28-06-2024,"1,357.90","1,385.00","1,396.95","1,347.05","1,351.00","1,362.75","1,365.92","7,301","99,72,548.60","1,424","2,785",38.15
MAZDA,EQ,01-07-2024,"1,362.75","1,368.25","1,475.00","1,362.05","1,443.00","1,434.30","1,439.17","44,572","6,41,46,831.40","5,308","12,371",27.76
MAZDA,EQ,02-07-2024,"1,434.30","1,434.75","1,470.00","1,413.05","1,453.00","1,449.85","1,446.74","16,081","2,32,65,085.60","3,607","6,984",43.43
MAZDA,EQ,03-07-2024,"1,449.85","1,449.85","1,468.45","1,420.75","1,435.00","1,432.45","1,436.82","9,549","1,37,20,209.55","2,630","2,789",29.21
MAZDA,EQ,04-07-2024,"1,432.45","1,442.60","1,462.45","1,416.00","1,416.00","1,422.05","1,434.83","9,987","1,43,29,609.25","2,447","3,878",38.83
MAZDA,EQ,05-07-2024,"1,422.05","1,432.10","1,453.05","1,392.05","1,411.35","1,420.75","1,426.25","14,865","2,12,01,254.75","3,376","5,066",34.08
MAZDA,EQ,08-07-2024,"1,420.75","1,430.75","1,468.00","1,420.75","1,427.00","1,425.55","1,446.00","14,457","2,09,04,786.60","2,505","6,817",47.15
MAZDA,EQ,09-07-2024,"1,425.55","1,435.70","1,485.00","1,419.40","1,449.15","1,446.75","1,451.71","17,085","2,48,02,501.30","3,369","8,559",50.1
MAZDA,EQ,10-07-2024,"1,446.75","1,454.20","1,456.55","1,400.05","1,415.20","1,420.25","1,422.14","6,492","92,32,531.40","1,673","2,647",40.77
MAZDA,EQ,11-07-2024,"1,420.25","1,430.30","1,635.00","1,420.25","1,609.70","1,611.20","1,573.42","2,19,815","34,58,61,227.55","24,354","43,853",19.95
MAZDA,EQ,12-07-2024,"1,611.20","1,620.40","1,649.00","1,550.00","1,558.85","1,557.35","1,609.25","93,164","14,99,23,858.05","14,131","29,667",31.84
MAZDA,EQ,15-07-2024,"1,557.35","1,568.40","1,579.00","1,523.00","1,530.50","1,528.10","1,542.67","15,910","2,45,43,870.55","3,394","6,332",39.8
MAZDA,EQ,16-07-2024,"1,528.10","1,518.05","1,518.05","1,441.55","1,459.80","1,454.55","1,464.65","61,893","9,06,51,527.80","9,677","20,368",32.91
MAZDA,EQ,18-07-2024,"1,454.55","1,464.90","1,492.35","1,424.75","1,450.00","1,439.50","1,460.71","25,729","3,75,82,579.90","4,733","6,290",24.45
MAZDA,EQ,19-07-2024,"1,439.50","1,439.50","1,452.80","1,385.00","1,400.00","1,398.25","1,416.35","17,691","2,50,56,565.65","2,975","9,066",51.25
MAZDA,EQ,22-07-2024,"1,398.25","1,383.00","1,427.70","1,383.00","1,405.00","1,406.90","1,409.61","6,904","97,31,944.95","2,199","3,087",44.71
MAZDA,EQ,23-07-2024,"1,406.90","1,406.90","1,439.00","1,356.25","1,410.00","1,406.45","1,403.18","12,429","1,74,40,144.40","2,955","5,546",44.62
MAZDA,EQ,24-07-2024,"1,406.45","1,416.40","1,448.50","1,405.10","1,419.00","1,425.90","1,417.54","5,350","75,83,853.15","1,374","2,437",45.55
MAZDA,EQ,25-07-2024,"1,425.90","1,436.00","1,448.00","1,419.95","1,444.00","1,437.95","1,435.15","4,381","62,87,381.40","1,073","2,403",54.85
MAZDA,EQ,26-07-2024,"1,437.95","1,464.80","1,468.90","1,425.45","1,431.60","1,443.45","1,445.77","5,403","78,11,519.05","1,269","2,917",53.99
MAZDA,EQ,29-07-2024,"1,443.45","1,443.45","1,480.00","1,411.30","1,441.00","1,451.75","1,441.49","10,782","1,55,42,194.75","2,399","5,190",48.14
MAZDA,EQ,30-07-2024,"1,451.75","1,451.75","1,494.90","1,421.30","1,435.00","1,432.70","1,454.06","11,236","1,63,37,846.95","2,017","3,389",30.16
MAZDA,EQ,31-07-2024,"1,432.70","1,425.00","1,458.00","1,425.00","1,449.00","1,451.80","1,443.85","7,106","1,02,60,025.35","1,422","3,752",52.8
MAZDA,EQ,01-08-2024,"1,451.80","1,459.80","1,460.95","1,425.00","1,431.10","1,435.30","1,445.64","4,911","70,99,528.85","1,359","1,711",34.84
MAZDA,EQ,02-08-2024,"1,435.30","1,450.00","1,450.80","1,411.00","1,416.85","1,418.25","1,431.06","4,953","70,88,041.35","1,260","2,658",53.66
MAZDA,EQ,05-08-2024,"1,418.25","1,390.05","1,413.95","1,341.30","1,396.50","1,371.15","1,381.28","11,024","1,52,27,190.60","2,904","6,756",61.28
MAZDA,EQ,06-08-2024,"1,371.15","1,380.30","1,425.00","1,380.30","1,402.00","1,398.20","1,401.68","5,005","70,15,407.95","1,562","2,221",44.38
MAZDA,EQ,07-08-2024,"1,398.20","1,404.50","1,460.00","1,397.75","1,425.80","1,425.30","1,427.24","7,168","1,02,30,474.85","1,762","3,179",44.35
MAZDA,EQ,08-08-2024,"1,425.30","1,322.00","1,370.15","1,263.00","1,322.15","1,328.65","1,302.27","1,20,695","15,71,77,619.20","12,917","43,693",36.2
MAZDA,EQ,09-08-2024,"1,328.65","1,345.00","1,376.85","1,280.00","1,284.00","1,290.60","1,313.29","29,654","3,89,44,345.60","4,510","11,203",37.78
MAZDA,EQ,12-08-2024,"1,290.60","1,300.00","1,300.00","1,254.95","1,282.00","1,270.45","1,270.64","10,496","1,33,36,628.70","2,000","5,212",49.66
MAZDA,EQ,13-08-2024,"1,270.45","1,270.45","1,309.00","1,240.00","1,240.00","1,246.85","1,264.44","7,495","94,76,945.05","1,333","3,959",52.82
MAZDA,EQ,14-08-2024,"1,246.85","1,260.00","1,270.00","1,241.05","1,250.00","1,256.15","1,254.24","4,424","55,48,775.20",759,"1,964",44.39
MAZDA,EQ,16-08-2024,"1,256.15","1,260.00","1,273.40","1,248.00","1,250.60","1,251.65","1,256.02","6,369","79,99,563.65","1,245","4,126",64.78
MAZDA,EQ,19-08-2024,"1,251.65","1,251.65","1,299.95","1,251.65","1,257.10","1,261.05","1,275.55","9,873","1,25,93,480.60","1,787","5,598",56.7
MAZDA,EQ,20-08-2024,"1,261.05","1,279.95","1,293.00","1,264.35","1,285.60","1,282.15","1,273.83","7,782","99,12,967.35","1,341","4,411",56.68
MAZDA,EQ,21-08-2024,"1,282.15","1,289.20","1,309.60","1,265.20","1,309.60","1,304.35","1,288.78","13,246","1,70,71,237.80","2,377","5,586",42.17
MAZDA,EQ,22-08-2024,"1,304.35","1,292.50","1,307.00","1,258.75","1,299.80","1,298.40","1,287.21","10,294","1,32,50,586.60","1,635","4,491",43.63
MAZDA,EQ,23-08-2024,"1,298.40","1,299.80","1,303.20","1,280.00","1,280.00","1,284.60","1,290.39","5,530","71,35,869.40","1,084","3,213",58.1
MAZDA,EQ,26-08-2024,"1,284.60","1,294.00","1,305.90","1,265.00","1,270.00","1,269.80","1,280.82","7,906","1,01,26,187.60","1,292","4,472",56.56
MAZDA,EQ,27-08-2024,"1,269.80","1,281.05","1,285.00","1,250.70","1,270.00","1,270.60","1,267.87","9,290","1,17,78,535.60","1,579","5,811",62.55
MAZDA,EQ,28-08-2024,"1,270.60","1,279.60","1,300.00","1,263.05","1,266.00","1,270.95","1,275.29","8,822","1,12,50,580.40","1,730","3,157",35.79
MAZDA,EQ,29-08-2024,"1,270.95","1,289.00","1,289.00","1,252.60","1,262.75","1,264.35","1,265.38","3,830","48,46,402.00",731,"2,573",67.18
MAZDA,EQ,30-08-2024,"1,264.35","1,267.70","1,290.00","1,256.40","1,256.40","1,276.10","1,277.88","3,499","44,71,308.80","1,041","1,853",52.96
MAZDA,EQ,02-09-2024,"1,276.10","1,290.10","1,290.60","1,258.05","1,278.85","1,275.55","1,271.17","6,247","79,40,974.25","1,380","3,475",55.63
MAZDA,EQ,03-09-2024,"1,275.55","1,275.00","1,450.00","1,267.40","1,345.00","1,346.75","1,375.93","60,860","8,37,38,819.30","8,712","17,952",29.5
MAZDA,EQ,04-09-2024,"1,346.75","1,325.25","1,369.60","1,309.55","1,344.00","1,346.35","1,338.50","9,013","1,20,63,865.00","2,121","4,516",50.11
MAZDA,EQ,05-09-2024,"1,346.35","1,369.95","1,369.95","1,305.90","1,320.00","1,313.85","1,333.56","8,139","1,08,53,810.70","1,491","4,381",53.83
MAZDA,EQ,06-09-2024,"1,313.85","1,331.30","1,382.95","1,294.80","1,318.95","1,310.85","1,319.54","10,111","1,33,41,907.70","2,399","2,345",23.19
MAZDA,EQ,09-09-2024,"1,310.85","1,318.90","1,334.85","1,300.00","1,307.45","1,307.15","1,312.62","8,433","1,10,69,292.60","1,655","4,449",52.76
MAZDA,EQ,10-09-2024,"1,307.15","1,316.50","1,321.10","1,300.60","1,300.60","1,304.10","1,306.61","5,657","73,91,480.85","1,239","2,772",49.0
MAZDA,EQ,11-09-2024,"1,304.10","1,306.00","1,315.30","1,293.20","1,298.70","1,299.80","1,301.35","7,707","1,00,29,511.10","1,110","5,526",71.7
MAZDA,EQ,12-09-2024,"1,299.80","1,310.00","1,333.75","1,287.05","1,292.00","1,293.75","1,296.05","7,944","1,02,95,830.35","1,077","5,731",72.14
MAZDA,EQ,13-09-2024,"1,293.75","1,300.90","1,324.95","1,294.95","1,316.70","1,317.65","1,311.55","3,038","39,84,500.85","1,012","1,373",45.19
MAZDA,EQ,16-09-2024,"1,317.65","1,310.00","1,324.25","1,296.00","1,318.00","1,301.35","1,306.91","7,949","1,03,88,629.50","1,354","3,350",42.14
MAZDA,EQ,17-09-2024,"1,301.35","1,327.35","1,327.35","1,279.25","1,293.00","1,294.60","1,294.94","8,851","1,14,61,556.30","1,699","4,281",48.37
MAZDA,EQ,18-09-2024,"1,294.60","1,304.70","1,304.70","1,275.00","1,276.05","1,280.40","1,284.69","3,284","42,18,926.55",882,"1,712",52.13
MAZDA,EQ,19-09-2024,"1,280.40","1,297.80","1,297.80","1,255.00","1,273.00","1,274.70","1,266.59","5,082","64,36,832.05","1,505","2,137",42.05
MAZDA,EQ,20-09-2024,"1,274.70","1,308.00","1,308.00","1,258.75","1,266.00","1,273.10","1,266.90","7,012","88,83,510.75","1,217","4,007",57.14
MAZDA,EQ,23-09-2024,"1,273.10","1,294.95","1,294.95","1,261.55","1,270.00","1,272.60","1,272.66","8,399","1,06,89,074.15",854,"6,653",79.21
MAZDA,EQ,24-09-2024,"1,272.60","1,285.15","1,297.45","1,251.70","1,252.05","1,255.25","1,262.57","8,893","1,12,28,010.95","1,407","6,017",67.66
MAZDA,EQ,25-09-2024,"1,255.25","1,263.95","1,296.25","1,251.25","1,280.00","1,274.35","1,271.72","8,715","1,10,83,079.20","1,644","4,006",45.97
MAZDA,EQ,26-09-2024,"1,274.35","1,275.05","1,281.15","1,251.00","1,260.60","1,265.20","1,263.73","3,680","46,50,510.65",957,"1,734",47.12
MAZDA,EQ,27-09-2024,"1,265.20","1,256.00","1,280.50","1,256.00","1,267.55","1,270.50","1,272.82","3,280","41,74,851.45",659,"2,269",69.18
MAZDA,EQ,30-09-2024,"1,270.50","1,309.00","1,309.00","1,270.00","1,285.00","1,283.85","1,286.61","4,919","63,28,851.15",995,"2,300",46.76
MAZDA,EQ,01-10-2024,"1,283.85","1,295.00","1,311.60","1,266.65","1,298.00","1,294.10","1,296.14","3,918","50,78,263.55",690,"2,340",59.72
MAZDA,EQ,03-10-2024,"1,294.10","1,290.00","1,290.00","1,257.55","1,260.00","1,265.30","1,271.90","4,955","63,02,275.00","1,038","2,399",48.42
MAZDA,EQ,04-10-2024,"1,265.30","1,265.45","1,356.00","1,254.10","1,278.00","1,279.05","1,325.82","34,840","4,61,91,465.45","3,142","7,571",21.73
MAZDA,EQ,07-10-2024,"1,279.05","1,295.00","1,295.00","1,243.00","1,269.00","1,257.40","1,261.45","4,492","56,66,429.40",629,"3,260",72.57
MAZDA,EQ,08-10-2024,"1,257.40","1,257.40","1,403.15","1,244.00","1,342.00","1,352.15","1,356.94","47,835","6,49,09,210.65","4,498","17,991",37.61
MAZDA,EQ,09-10-2024,"1,352.15","1,352.15","1,380.90","1,342.00","1,362.00","1,356.55","1,367.43","10,884","1,48,83,147.95","1,603","6,358",58.42
MAZDA,EQ,10-10-2024,"1,356.55","1,359.95","1,394.00","1,334.95","1,345.00","1,346.30","1,355.62","7,562","1,02,51,183.35","1,013","3,996",52.84
MAZDA,EQ,11-10-2024,"1,346.30","1,352.15","1,355.00","1,312.05","1,350.00","1,325.00","1,334.10","3,951","52,71,036.00",843,"1,811",45.84
MAZDA,EQ,14-10-2024,"1,325.00","1,325.00","1,330.05","1,281.95","1,306.00","1,307.20","1,304.76","5,753","75,06,280.55",937,"3,160",54.93
MAZDA,EQ,15-10-2024,"1,307.20","1,311.55","1,323.00","1,287.00","1,293.25","1,298.55","1,301.70","4,730","61,57,050.15",831,"2,704",57.17
MAZDA,EQ,16-10-2024,"1,298.55","1,301.80","1,319.95","1,280.40","1,296.00","1,294.30","1,296.59","3,587","46,50,855.50",742,"1,632",45.5
MAZDA,EQ,17-10-2024,"1,294.30","1,297.55","1,339.45","1,291.25","1,310.00","1,316.65","1,313.04","4,377","57,47,180.10","1,130","1,938",44.28
MAZDA,EQ,18-10-2024,"1,316.65","1,320.25","1,320.25","1,282.60","1,286.05","1,289.45","1,299.09","3,156","40,99,928.15",794,"1,734",54.94
MAZDA,EQ,21-10-2024,"1,289.45","1,293.05","1,301.95","1,280.00","1,290.00","1,289.55","1,290.07","2,856","36,84,436.00",785,"1,606",56.23
MAZDA,EQ,22-10-2024,"1,289.55","1,276.65","1,289.35","1,255.00","1,265.00","1,265.85","1,273.13","4,307","54,83,358.95","1,030","2,558",59.39
MAZDA,EQ,23-10-2024,"1,265.85","1,291.15","1,291.15","1,240.00","1,251.00","1,253.15","1,254.33","2,854","35,79,848.90",882,"1,393",48.81
MAZDA,EQ,24-10-2024,"1,253.15","1,263.55","1,267.60","1,238.60","1,244.00","1,246.70","1,247.50","3,730","46,53,174.70",739,"2,017",54.08
MAZDA,EQ,25-10-2024,"1,246.70","1,258.75","1,263.60","1,210.00","1,228.00","1,228.45","1,226.23","2,143","26,27,821.30",631,"1,072",50.02
MAZDA,EQ,28-10-2024,"1,228.45","1,250.00","1,250.00","1,210.00","1,222.00","1,225.40","1,228.52","2,186","26,85,538.75",580,"1,225",56.04
MAZDA,EQ,29-10-2024,"1,225.40","1,318.00","1,318.00","1,236.10","1,270.00","1,278.40","1,267.81","3,065","38,85,848.65",673,"1,519",49.56
MAZDA,EQ,30-10-2024,"1,278.40","1,278.25","1,284.35","1,255.05","1,257.00","1,268.10","1,275.96","1,015","12,95,097.75",352,517,50.94
MAZDA,EQ,31-10-2024,"1,268.10","1,281.20","1,287.70","1,256.85","1,271.00","1,274.15","1,272.77","1,298","16,52,057.05",343,731,56.32
MAZDA,EQ,01-11-2024,"1,274.15","1,305.00","1,320.00","1,281.15","1,299.00","1,297.40","1,302.13","1,532","19,94,867.45",356,"1,036",67.62
MAZDA,EQ,04-11-2024,"1,297.40","1,320.00","1,320.00","1,270.05","1,300.00","1,302.50","1,292.53","3,813","49,28,414.80",849,"1,975",51.8
MAZDA,EQ,05-11-2024,"1,302.50","1,330.00","1,330.00","1,283.00","1,287.00","1,294.00","1,296.37","1,991","25,81,082.15",542,"1,085",54.5
MAZDA,EQ,06-11-2024,"1,294.00","1,315.00","1,315.00","1,290.30","1,306.95","1,305.25","1,303.98","2,302","30,01,768.55",612,"1,406",61.08
MAZDA,EQ,07-11-2024,"1,305.25","1,306.00","1,325.00","1,301.00","1,319.00","1,314.05","1,318.22","3,621","47,73,287.70",715,"2,421",66.86
MAZDA,EQ,08-11-2024,"1,314.05","1,375.00","1,375.00","1,332.00","1,365.10","1,366.25","1,358.70","10,648","1,44,67,398.40","1,917","5,750",54.0
MAZDA,EQ,11-11-2024,"1,366.25","1,400.00","1,450.00","1,372.60","1,390.00","1,399.65","1,413.22","36,404","5,14,46,714.25","4,094","16,604",45.61
MAZDA,EQ,12-11-2024,"1,399.65","1,408.00","1,420.00","1,336.50","1,336.50","1,351.75","1,382.99","5,852","80,93,274.00",948,"3,660",62.54
MAZDA,EQ,13-11-2024,"1,351.75","1,350.00","1,376.00","1,311.40","1,368.60","1,359.90","1,351.73","7,104","96,02,670.65","1,204","4,759",66.99
MAZDA,EQ,14-11-2024,"1,359.90","1,389.00","1,411.40","1,327.95","1,366.00","1,335.40","1,360.50","6,963","94,73,169.50","1,063","4,007",57.55
MAZDA,EQ,18-11-2024,"1,335.40","1,345.00","1,369.55","1,320.05","1,348.20","1,345.55","1,341.53","3,988","53,50,005.30",790,"2,227",55.84
MAZDA,EQ,19-11-2024,"1,345.55","1,355.00","1,360.00","1,326.05","1,326.05","1,339.00","1,349.37","2,721","36,71,630.25",640,"1,855",68.17
MAZDA,EQ,21-11-2024,"1,339.00","1,350.00","1,350.00","1,310.65","1,326.00","1,327.55","1,329.09","2,764","36,73,592.45",809,"1,294",46.82
MAZDA,EQ,22-11-2024,"1,327.55","1,327.55","1,338.75","1,309.35","1,338.75","1,326.20","1,326.30","2,350","31,16,796.40",573,"1,476",62.81
MAZDA,EQ,25-11-2024,"1,326.20","1,320.25","1,354.65","1,319.60","1,325.00","1,328.45","1,336.71","2,583","34,52,712.10",577,"1,340",51.88
MAZDA,EQ,26-11-2024,"1,328.45","1,343.10","1,349.00","1,325.00","1,347.20","1,337.35","1,335.29","2,212","29,53,653.75",574,"1,248",56.42
MAZDA,EQ,27-11-2024,"1,337.35","1,359.00","1,359.00","1,325.00","1,335.65","1,341.05","1,339.07","2,068","27,69,201.15",588,"1,048",50.68
MAZDA,EQ,28-11-2024,"1,341.05","1,359.00","1,363.45","1,335.00","1,355.00","1,348.25","1,347.48","3,462","46,64,958.80",610,"2,310",66.72
MAZDA,EQ,29-11-2024,"1,348.25","1,350.00","1,354.25","1,335.00","1,350.60","1,346.55","1,345.69","1,960","26,37,550.55",610,"1,073",54.74
MAZDA,EQ,02-12-2024,"1,346.55","1,389.55","1,389.55","1,345.00","1,364.90","1,361.95","1,358.81","3,114","42,31,335.20",807,"1,927",61.88
MAZDA,EQ,03-12-2024,"1,361.95","1,372.05","1,376.05","1,351.05","1,351.05","1,358.95","1,362.93","2,848","38,81,622.30",665,"1,917",67.31
MAZDA,EQ,04-12-2024,"1,358.95","1,351.40","1,381.25","1,331.35","1,349.00","1,346.05","1,354.28","3,345","45,30,070.00",784,"2,191",65.5
MAZDA,EQ,05-12-2024,"1,346.05","1,345.10","1,360.00","1,312.55","1,325.05","1,326.65","1,334.11","6,173","82,35,452.40",813,"4,201",68.05
MAZDA,EQ,06-12-2024,"1,326.65","1,341.90","1,352.10","1,329.95","1,349.00","1,344.30","1,344.24","2,724","36,61,705.90",736,"1,614",59.25
MAZDA,EQ,09-12-2024,"1,344.30","1,353.00","1,514.10","1,345.00","1,451.40","1,446.80","1,466.06","1,14,504","16,78,69,511.90","8,859","35,211",30.75
MAZDA,EQ,10-12-2024,"1,446.80","1,460.00","1,469.05","1,426.95","1,456.05","1,451.15","1,456.89","12,349","1,79,91,118.95","1,940","7,452",60.34
MAZDA,EQ,11-12-2024,"1,451.15","1,451.10","1,452.65","1,411.05","1,418.00","1,416.90","1,424.13","6,992","99,57,505.45","1,086","4,771",68.24
MAZDA,EQ,12-12-2024,"1,416.90","1,439.00","1,439.00","1,386.50","1,390.00","1,390.25","1,399.57","4,152","58,11,014.40",794,"2,435",58.65
MAZDA,EQ,13-12-2024,"1,390.25","1,410.00","1,410.00","1,356.55","1,381.00","1,381.15","1,378.12","5,419","74,68,009.15",889,"2,939",54.24
MAZDA,EQ,16-12-2024,"1,381.15","1,380.00","1,396.00","1,375.00","1,396.00","1,385.90","1,384.94","4,147","57,43,365.00",866,"2,305",55.58
MAZDA,EQ,17-12-2024,"1,385.90","1,400.00","1,400.00","1,360.00","1,361.10","1,364.20","1,375.12","4,132","56,81,992.05",880,"2,425",58.69
MAZDA,EQ,18-12-2024,"1,364.20","1,373.30","1,415.00","1,352.55","1,414.00","1,406.90","1,395.90","9,616","1,34,22,936.70","2,009","5,667",58.93
MAZDA,EQ,19-12-2024,"1,406.90","1,414.00","1,549.45","1,373.00","1,495.00","1,491.10","1,493.11","1,46,387","21,85,71,419.05","10,147","45,600",31.15
MAZDA,EQ,20-12-2024,"1,491.10","1,490.00","1,515.00","1,441.50","1,445.75","1,463.25","1,476.75","38,726","5,71,88,489.55","3,987","16,685",43.08
MAZDA,EQ,23-12-2024,"1,463.25","1,471.00","1,528.90","1,430.25","1,462.00","1,490.70","1,474.72","29,101","4,29,15,772.95","3,103","11,633",39.97
MAZDA,EQ,24-12-2024,"1,490.70","1,489.00","1,489.00","1,432.00","1,465.00","1,465.00","1,463.06","18,231","2,66,73,057.10","1,944","10,171",55.79
MAZDA,EQ,26-12-2024,"1,465.00","1,486.95","1,517.65","1,451.70","1,493.60","1,498.45","1,489.83","16,655","2,48,13,127.35","2,583","9,730",58.42
MAZDA,EQ,27-12-2024,"1,498.45","1,502.20","1,587.00","1,479.55","1,580.00","1,576.80","1,545.17","62,741","9,69,45,742.15","6,933","31,724",50.56
MAZDA,EQ,30-12-2024,"1,576.80","1,576.80","1,599.00","1,525.00","1,569.95","1,560.25","1,557.17","23,857","3,71,49,486.60","3,605","11,695",49.02
MAZDA,EQ,31-12-2024,"1,560.25","1,568.50","1,587.00","1,464.05","1,504.00","1,501.15","1,506.50","27,229","4,10,20,448.15","4,305","9,803",36.0
MAZDA,EQ,01-01-2025,"1,501.15","1,509.10","1,572.45","1,508.30","1,546.55","1,557.30","1,544.86","19,333","2,98,66,691.25","3,418","7,038",36.40
MAZDA,EQ,02-01-2025,"1,557.30","1,580.60","1,588.00","1,535.00","1,538.00","1,549.40","1,567.52","29,664","4,64,98,886.40","4,116","10,466",35.28
MAZDA,EQ,03-01-2025,"1,549.40","1,553.00","1,641.30","1,542.85","1,584.30","1,592.85","1,595.25","31,655","5,04,97,667.65","4,371","16,858",53.26
MAZDA,EQ,06-01-2025,"1,592.85","1,592.85","1,592.85","1,503.10","1,555.00","1,541.45","1,545.50","25,678","3,96,85,456.50","4,252","13,396",52.17
MAZDA,EQ,07-01-2025,"1,541.45","1,546.00","1,795.00","1,540.00","1,750.00","1,739.55","1,718.78","2,68,354","46,12,41,515.20","24,458","43,585",16.24
MAZDA,EQ,08-01-2025,"1,739.55","1,754.00","1,892.00","1,739.55","1,818.00","1,839.15","1,811.15","2,60,864","47,24,63,808.85","27,366","43,276",16.59
MAZDA,EQ,09-01-2025,"1,839.15","1,817.95","1,818.00","1,710.10","1,729.00","1,730.30","1,768.74","41,375","7,31,81,736.10","5,272","14,362",34.71
MAZDA,EQ,10-01-2025,"1,730.30","1,712.50","2,039.90","1,665.05","1,952.00","1,969.90","1,906.33","6,51,497","1,24,19,66,363.50","56,620","40,314",6.19
MAZDA,EQ,13-01-2025,"1,969.90","1,941.05","1,949.90","1,720.00","1,740.00","1,772.80","1,840.97","3,43,092","63,16,20,533.15","31,282","35,497",10.35
MAZDA,EQ,14-01-2025,"1,772.80","1,745.00","1,930.00","1,711.60","1,865.00","1,875.30","1,848.17","1,58,488","29,29,12,927.85","20,639","19,896",12.55
MAZDA,EQ,15-01-2025,"1,875.30","1,883.00","1,913.30","1,831.80","1,855.00","1,854.15","1,871.08","77,293","14,46,21,755.80","10,094","9,087",11.76
MAZDA,EQ,16-01-2025,"1,854.15","1,863.10","2,144.40","1,863.10","2,035.25","2,049.95","2,058.33","3,75,617","77,31,44,463.70","35,830","42,276",11.26
MAZDA,EQ,17-01-2025,"2,049.95","2,009.00","2,074.80","1,945.05","1,970.00","1,962.85","2,008.42","82,500","16,56,94,667.90","11,806","13,547",16.42
MAZDA,EQ,20-01-2025,"1,962.85","1,969.95","1,998.55","1,819.90","1,841.00","1,844.10","1,857.66","65,286","12,12,79,388.50","8,987","24,170",37.02
MAZDA,BE,21-01-2025,"1,844.10","1,838.00","1,875.00","1,790.00","1,839.70","1,823.20","1,821.76","7,890","1,43,73,705.55",621,-,-
MAZDA,BE,22-01-2025,"1,823.20","1,839.70","1,870.00","1,745.00","1,785.00","1,780.00","1,772.21","6,556","1,16,18,615.35",521,-,-
MAZDA,BE,23-01-2025,"1,780.00","1,744.10","1,810.00","1,744.10","1,784.95","1,783.90","1,773.10","6,279","1,11,33,302.35",437,-,-
MAZDA,BE,24-01-2025,"1,783.90","1,750.05","1,819.90","1,720.00","1,730.00","1,731.20","1,751.10","5,004","87,62,482.05",423,-,-
MAZDA,BE,27-01-2025,"1,731.20","1,701.00","1,725.00","1,644.65","1,656.00","1,662.90","1,659.93","7,464","1,23,89,723.30",695,-,-
MAZDA,BE,28-01-2025,"1,662.90",330.00,349.20,330.00,349.20,348.35,347.20,"15,764","54,73,255.30",622,-,-
MAZDA,BE,29-01-2025,348.35,349.00,349.20,330.95,338.80,340.50,336.08,"13,487","45,32,678.50",478,-,-
MAZDA,BE,30-01-2025,340.50,333.50,346.25,323.55,332.00,335.45,336.24,"8,416","28,29,804.90",472,-,-
MAZDA,BE,31-01-2025,335.45,332.00,334.90,318.70,319.50,321.35,321.63,"19,448","62,55,115.85",678,-,-
MAZDA,BE,01-02-2025,321.35,324.00,335.00,321.00,327.00,324.95,325.40,"6,008","19,54,994.15",199,-,-
MAZDA,BE,03-02-2025,324.95,323.65,323.65,308.70,308.75,308.80,309.34,"20,788","64,30,650.10",458,-,-
MAZDA,BE,04-02-2025,308.80,308.80,312.00,295.50,311.95,305.65,305.46,"26,919","82,22,788.25",510,-,-
MAZDA,BE,05-02-2025,305.65,313.95,320.90,305.05,310.00,311.70,311.38,"19,797","61,64,455.05","1,028",-,-
MAZDA,BE,06-02-2025,311.70,317.55,317.55,304.00,316.00,313.90,312.78,"7,933","24,81,289.45",264,-,-
MAZDA,BE,07-02-2025,313.90,320.00,320.00,303.00,309.00,306.40,307.53,"7,740","23,80,287.10",253,-,-
MAZDA,BE,10-02-2025,306.40,310.00,310.00,291.10,294.00,292.70,295.39,"13,096","38,68,471.20",462,-,-
MAZDA,BE,11-02-2025,292.70,294.00,300.00,278.10,278.10,278.10,281.59,"12,377","34,85,243.15",282,-,-
MAZDA,BE,12-02-2025,278.10,265.00,278.10,264.20,272.00,272.20,266.76,"25,610","68,31,762.85",748,-,-
MAZDA,BE,13-02-2025,272.20,258.75,270.85,258.60,261.00,259.50,259.40,"40,059","1,03,91,386.35",586,-,-
MAZDA,BE,14-02-2025,259.50,258.90,258.90,246.55,253.50,249.30,249.90,"15,074","37,66,989.40",519,-,-
MAZDA,BE,17-02-2025,249.30,249.30,250.00,237.55,238.00,238.20,241.18,"16,508","39,81,417.80",380,-,-
MAZDA,BE,18-02-2025,238.20,238.00,245.00,227.00,231.00,231.25,231.90,"23,696","54,94,999.35",649,-,-
MAZDA,BE,19-02-2025,231.25,231.25,242.80,231.25,242.80,242.80,241.62,"28,909","69,84,948.90",273,-,-
MAZDA,BE,20-02-2025,242.80,242.00,252.00,231.00,248.00,246.00,240.88,"27,201","65,52,143.20",412,-,-
MAZDA,BE,21-02-2025,246.00,244.00,249.80,238.05,240.00,239.05,243.28,"12,477","30,35,459.05",352,-,-
MAZDA,BE,24-02-2025,239.05,231.10,245.00,230.00,232.00,231.50,232.10,"17,665","41,00,013.15",358,-,-
MAZDA,BE,25-02-2025,231.50,227.00,234.85,227.00,231.15,230.40,231.76,"9,608","22,26,706.35",176,-,-
MAZDA,BE,27-02-2025,230.40,230.40,237.00,230.00,230.50,231.70,231.10,"10,238","23,66,042.15",209,-,-
MAZDA,BE,28-02-2025,231.70,227.40,229.00,220.15,223.50,224.65,222.62,"12,826","28,55,268.10",293,-,-
MAZDA,BE,03-03-2025,224.65,231.00,233.95,213.41,214.05,214.74,216.52,"15,670","33,92,885.18",581,-,-
MAZDA,BE,04-03-2025,214.74,214.74,224.95,206.05,224.95,223.98,214.34,"14,549","31,18,457.72",260,-,-
MAZDA,BE,05-03-2025,223.98,221.98,231.00,218.00,224.00,224.07,226.97,"26,131","59,30,897.41",352,-,-
MAZDA,BE,06-03-2025,224.07,230.00,235.27,224.00,233.90,231.23,231.16,"13,142","30,37,910.80",283,-,-
MAZDA,BE,07-03-2025,231.23,242.79,242.79,235.00,242.30,241.04,240.09,"39,424","94,65,311.36",237,-,-
MAZDA,BE,10-03-2025,241.04,246.75,246.75,231.10,232.10,232.43,236.60,"13,999","33,12,149.62",200,-,-
MAZDA,BE,11-03-2025,232.43,234.90,239.25,222.11,230.00,229.93,230.58,"11,839","27,29,814.69",254,-,-
MAZDA,BE,12-03-2025,229.93,226.00,238.00,226.00,232.00,235.30,233.56,"7,084","16,54,509.80",153,-,-
MAZDA,BE,13-03-2025,235.30,235.50,239.20,226.60,238.90,233.56,232.67,"10,521","24,47,938.46",198,-,-
MAZDA,BE,17-03-2025,233.56,233.56,233.56,221.88,222.00,222.98,226.40,"11,939","27,02,997.34",265,-,-
MAZDA,BE,18-03-2025,222.98,225.50,234.12,222.60,233.95,233.22,229.16,"7,476","17,13,210.15",218,-,-
MAZDA,BE,19-03-2025,233.22,233.22,240.00,233.00,234.75,235.09,236.01,"15,473","36,51,751.33",254,-,-
MAZDA,BE,20-03-2025,235.09,244.90,246.84,238.78,246.84,246.79,246.07,"25,592","62,97,448.60",283,-,-
MAZDA,BE,21-03-2025,246.79,249.00,253.98,247.00,253.68,251.79,249.96,"18,364","45,90,239.18",253,-,-
MAZDA,BE,24-03-2025,251.79,253.00,264.37,253.00,264.37,264.35,261.11,"14,230","37,15,525.68",275,-,-
MAZDA,BE,25-03-2025,264.35,272.00,277.56,257.00,257.15,258.59,265.64,"15,370","40,82,862.16",295,-,-
MAZDA,BE,26-03-2025,258.59,253.41,253.41,253.41,253.41,253.41,253.41,"6,617","16,76,813.97",71,-,-
MAZDA,BE,27-03-2025,253.41,248.34,248.34,248.34,248.34,248.34,248.34,"1,032","2,56,286.88",35,-,-
MAZDA,BE,28-03-2025,248.34,243.42,243.75,243.37,243.37,243.37,243.49,"9,588","23,34,543.69",100,-,-
MAZDA,BE,01-04-2025,243.37,241.00,241.00,238.51,238.51,238.51,239.24,"3,692","8,83,281.39",57,-,-
MAZDA,BE,02-04-2025,238.51,238.51,238.51,238.00,238.00,238.00,238.12,"4,292","10,22,010.65",77,-,-
MAZDA,BE,03-04-2025,238.00,242.76,242.76,242.76,242.76,242.76,242.76,591,"1,43,471.16",20,-,-
MAZDA,BE,04-04-2025,242.76,245.00,245.50,244.00,244.00,244.00,244.70,"2,675","6,54,568.15",55,-,-
MAZDA,BE,07-04-2025,244.00,239.12,239.12,239.12,239.12,239.12,239.12,986,"2,35,772.32",24,-,-
MAZDA,BE,08-04-2025,239.12,239.00,239.00,234.33,236.81,236.81,236.47,"4,504","10,65,044.67",77,-,-
MAZDA,BE,09-04-2025,236.81,234.90,234.90,234.00,234.00,234.00,234.23,"2,371","5,55,353.55",37,-,-
MAZDA,BE,11-04-2025,234.00,234.10,236.00,234.00,234.00,234.00,234.14,"2,721","6,37,090.70",63,-,-
MAZDA,BE,15-04-2025,234.00,236.65,238.68,236.65,238.68,238.68,238.06,"3,459","8,23,466.68",43,-,-
MAZDA,BE,16-04-2025,238.68,240.21,243.45,240.21,243.45,243.45,242.44,"3,235","7,84,291.59",25,-,-
MAZDA,BE,17-04-2025,243.45,248.31,248.31,248.25,248.31,248.31,248.31,"2,093","5,19,707.67",29,-,-
MAZDA,BE,21-04-2025,248.31,253.27,253.27,253.27,253.27,253.27,253.27,"3,171","8,03,119.17",55,-,-
MAZDA,BE,22-04-2025,253.27,258.33,258.33,258.33,258.33,258.33,258.33,"1,176","3,03,796.08",29,-,-
MAZDA,BE,23-04-2025,258.33,258.00,258.00,256.00,256.00,256.00,257.86,"24,042","61,99,396.10",102,-,-
MAZDA,BE,24-04-2025,256.00,251.00,255.00,251.00,255.00,255.00,252.23,"5,130","12,93,933.75",52,-,-
MAZDA,BE,25-04-2025,255.00,254.00,254.00,249.90,249.90,249.90,249.93,"3,423","8,55,520.70",43,-,-
MAZDA,BE,28-04-2025,249.90,251.10,251.10,244.90,244.90,244.90,246.43,"8,205","20,21,976.20",60,-,-
MAZDA,BE,29-04-2025,244.90,244.90,244.90,240.20,244.00,244.00,241.61,"4,914","11,87,293.55",37,-,-
MAZDA,BE,30-04-2025,244.00,240.05,240.05,239.12,239.12,239.12,239.68,"2,842","6,81,184.49",53,-,-
MAZDA,BE,02-05-2025,239.12,239.00,239.00,234.33,234.33,234.33,236.16,"8,052","19,01,533.34",52,-,-
MAZDA,BE,05-05-2025,234.33,239.89,244.40,230.00,232.80,230.82,233.12,"11,026","25,70,372.48",212,-,-
MAZDA,BE,06-05-2025,230.82,237.00,237.00,219.27,227.00,221.50,224.36,"17,201","38,59,279.38",398,-,-
MAZDA,BE,07-05-2025,221.50,210.55,220.50,210.42,218.00,215.79,213.19,"20,594","43,90,440.64",392,-,-
MAZDA,BE,08-05-2025,215.79,215.00,219.78,211.00,212.50,213.48,215.18,"14,071","30,27,840.32",274,-,-
MAZDA,BE,09-05-2025,213.48,213.48,215.60,205.00,215.60,211.45,209.79,"4,466","9,36,902.85",178,-,-
MAZDA,BE,12-05-2025,211.45,221.90,222.02,215.61,222.02,221.74,220.60,"6,540","14,42,706.66",207,-,-
MAZDA,BE,13-05-2025,221.74,227.99,232.74,216.05,232.49,231.05,225.94,"8,763","19,79,941.17",250,-,-
MAZDA,BE,14-05-2025,231.05,234.00,242.60,232.00,242.60,242.58,239.88,"10,948","26,26,241.72",266,-,-
MAZDA,BE,15-05-2025,242.58,242.58,247.00,238.50,245.70,244.48,242.18,"13,676","33,12,063.48",253,-,-
MAZDA,BE,16-05-2025,244.48,250.20,254.90,245.01,254.90,253.09,250.55,"14,315","35,86,597.35",314,-,-
MAZDA,EQ,19-05-2025,253.09,264.26,288.80,264.26,277.00,277.15,277.88,"1,05,820","2,94,04,861.56","2,903","48,865",46.18
MAZDA,EQ,20-05-2025,277.15,279.85,286.20,267.00,267.55,269.04,275.28,"25,130","69,17,871.39","1,015","14,513",57.75
MAZDA,EQ,21-05-2025,269.04,265.26,274.30,263.10,266.35,268.48,267.44,"20,963","56,06,273.26",933,"11,144",53.16
MAZDA,EQ,22-05-2025,268.48,267.09,267.09,261.21,265.00,261.87,263.70,"15,970","42,11,263.20",707,"11,688",73.19
MAZDA,EQ,23-05-2025,261.87,264.90,269.35,260.50,268.50,267.40,265.76,"17,074","45,37,583.33",607,"9,757",57.15
MAZDA,EQ,26-05-2025,267.40,269.80,278.00,269.79,277.00,276.72,274.94,"24,554","67,50,925.81","1,141","16,964",69.09
MAZDA,EQ,27-05-2025,276.72,277.54,279.09,271.25,277.80,274.65,275.43,"13,973","38,48,514.64",824,"9,163",65.58
MAZDA,EQ,28-05-2025,274.65,274.75,280.72,271.25,276.00,277.16,277.21,"17,558","48,67,268.22","1,007","9,938",56.60
MAZDA,EQ,29-05-2025,277.16,279.25,279.25,272.64,273.00,273.14,274.36,"14,027","38,48,513.43",548,"11,819",84.26
MAZDA,EQ,30-05-2025,273.14,261.00,273.14,248.00,249.95,250.87,252.51,"1,51,958","3,83,71,036.78","4,102","86,077",56.65
MAZDA,EQ,02-06-2025,250.87,250.45,250.80,242.10,245.95,243.55,246.15,"24,229","59,63,887.25","2,360","10,847",44.77
MAZDA,EQ,03-06-2025,243.55,245.40,251.00,243.30,250.95,248.65,247.97,"17,519","43,44,261.75","1,945","9,490",54.17
MAZDA,EQ,04-06-2025,248.65,250.55,254.00,243.00,245.80,245.20,247.65,"24,879","61,61,176.25","3,341","9,093",36.55
MAZDA,EQ,05-06-2025,245.20,242.75,246.40,242.05,242.90,242.85,244.27,"17,122","41,82,345.55","1,929","8,856",51.72
MAZDA,EQ,06-06-2025,242.85,245.00,247.45,238.00,241.00,241.50,243.59,"14,924","36,35,296.90",935,"8,648",57.95
MAZDA,EQ,09-06-2025,241.50,247.05,247.05,238.05,240.00,242.60,242.59,"42,564","1,03,25,532.60","3,398","23,422",55.03
MAZDA,EQ,10-06-2025,242.60,246.00,249.65,241.60,247.95,247.00,246.46,"26,029","64,15,110.15","2,429","14,129",54.28
MAZDA,EQ,11-06-2025,247.00,250.00,254.40,247.30,251.20,251.20,250.80,"23,722","59,49,494.30","1,968","13,133",55.36
MAZDA,EQ,12-06-2025,251.20,254.70,254.70,246.25,246.45,247.10,249.81,"14,686","36,68,678.85","1,529","7,614",51.85
MAZDA,EQ,13-06-2025,247.10,246.30,246.30,239.10,242.60,242.85,242.90,"16,076","39,04,782.95","1,049","11,698",72.77
MAZDA,EQ,16-06-2025,242.85,242.85,245.50,237.00,240.00,240.70,240.42,"13,116","31,53,359.05","1,510","5,485",41.82
MAZDA,EQ,17-06-2025,240.70,245.00,247.10,241.00,245.95,242.55,243.91,"13,691","33,39,339.60","1,565","4,594",33.55
MAZDA,EQ,18-06-2025,242.55,238.90,245.45,238.90,242.10,243.00,243.05,"7,436","18,07,332.15","1,105","3,010",40.48
MAZDA,EQ,19-06-2025,243.00,245.20,245.20,235.05,236.30,237.95,238.27,"10,151","24,18,672.80",998,"6,142",60.51
MAZDA,EQ,20-06-2025,237.95,237.85,241.15,233.05,236.10,237.15,237.09,"20,823","49,36,916.45","2,341","6,767",32.50
MAZDA,EQ,23-06-2025,237.15,235.65,248.05,235.65,243.75,243.00,242.55,"17,207","41,73,480.60","1,621","8,028",46.66
MAZDA,EQ,24-06-2025,243.00,244.00,247.15,242.25,244.50,244.65,244.25,"12,259","29,94,217.30","1,435","5,081",41.45
MAZDA,EQ,25-06-2025,244.65,245.85,248.00,243.55,247.70,247.05,246.36,"23,954","59,01,262.65","2,186","14,009",58.48
MAZDA,EQ,26-06-2025,247.05,247.05,248.00,244.05,247.00,246.00,246.32,"9,067","22,33,391.25",873,"4,688",51.70
MAZDA,EQ,27-06-2025,246.00,248.00,248.00,242.50,243.15,243.25,244.44,"14,511","35,47,138.05","1,052","9,981",68.78
MAZDA,EQ,30-06-2025,243.25,247.50,247.50,237.75,239.40,239.50,241.03,"16,333","39,36,790.45",980,"11,697",71.62
MAZDA,EQ,01-07-2025,239.50,241.66,242.00,238.94,239.50,240.19,240.23,"12,124","29,12,598.58",999,"6,295",51.92
MAZDA,EQ,02-07-2025,240.19,239.00,240.89,235.42,240.00,237.55,237.93,"6,867","16,33,886.25",541,"4,601",67.00
MAZDA,EQ,03-07-2025,237.55,237.54,244.00,237.10,243.84,242.12,241.85,"12,013","29,05,385.29",634,"7,646",63.65
MAZDA,EQ,04-07-2025,242.12,264.80,290.54,246.94,290.54,290.54,281.40,"13,25,696","37,30,47,284.31","26,584","2,54,744",19.22
MAZDA,EQ,07-07-2025,290.54,300.20,337.77,296.10,315.50,317.27,323.70,"23,68,824","76,67,94,205.75","54,739","3,74,012",15.79
MAZDA,EQ,08-07-2025,317.27,314.80,315.00,297.00,297.30,299.28,304.06,"2,43,809","7,41,33,727.02","8,917","1,03,548",42.47
MAZDA,EQ,09-07-2025,299.28,290.63,329.00,290.63,317.00,316.29,320.92,"7,98,976","25,64,08,620.18","20,379","2,09,052",26.16
MAZDA,EQ,10-07-2025,316.29,318.00,322.00,302.14,305.90,304.98,310.05,"2,11,767","6,56,57,954.01","5,341","78,701",37.16
MAZDA,EQ,11-07-2025,304.98,307.80,314.00,298.00,300.00,304.48,308.72,"1,17,355","3,62,29,811.29","3,602","51,599",43.97
MAZDA,EQ,14-07-2025,304.48,303.00,304.48,290.99,293.50,292.18,295.58,"88,756","2,62,34,385.60","3,288","45,569",51.34
MAZDA,EQ,15-07-2025,292.18,297.90,304.68,291.00,293.00,294.43,298.22,"95,731","2,85,49,215.30","2,739","33,859",35.37
MAZDA,EQ,16-07-2025,294.43,294.43,316.50,294.00,299.50,300.16,307.81,"3,32,359","10,23,02,148.75","7,052","66,119",19.89
MAZDA,EQ,17-07-2025,300.16,303.38,307.82,300.26,303.00,302.17,303.85,"67,304","2,04,50,517.86","2,452","29,322",43.57
MAZDA,EQ,18-07-2025,302.17,304.00,304.00,295.00,296.97,295.74,297.16,"45,531","1,35,29,962.77","1,715","26,771",58.80
MAZDA,EQ,21-07-2025,295.74,298.40,308.00,295.27,296.50,297.66,301.12,"96,201","2,89,68,467.04","2,939","39,928",41.50
MAZDA,EQ,22-07-2025,297.66,298.68,312.00,296.78,305.95,306.05,306.61,"1,45,496","4,46,10,916.68","4,927","51,587",35.46
MAZDA,EQ,23-07-2025,306.05,309.90,320.00,306.00,307.20,307.64,311.30,"3,24,037","10,08,72,655.18","6,555","65,290",20.15
MAZDA,EQ,24-07-2025,307.64,309.00,310.70,296.15,297.79,297.80,302.16,"54,374","1,64,29,785.07","2,171","30,526",56.14
MAZDA,EQ,25-07-2025,297.8,297.8,303.01,285.03,287.0,287.9,293.46,57343,168.28,2728, 27360, 47.71
MAZDA,EQ,28-07-2025,287.9,286.17,304.0,282.68,296.1,298.6,296.92,106977,317.63,3738, 32284, 30.18
MAZDA,EQ,29-07-2025,298.6,298.0,300.1,292.0,295.0,293.8,294.71,31329,92.33,1271, 13279, 42.39
MAZDA,EQ,30-07-2025,293.8,294.0,297.89,291.1,292.0,292.95,293.36,28315,83.07,1286, 13679, 48.31
MAZDA,EQ,31-07-2025,292.95,289.01,296.98,287.3,296.5,292.89,294.41,39762,117.06,1621, 14328, 36.03
MAZDA,EQ,01-08-2025,292.89,296.0,296.9,279.85,280.9,280.6,287.73,31722,91.27,1436, 16659, 52.52
MAZDA,EQ,04-08-2025,280.6,280.6,287.65,280.6,283.95,284.2,283.9,26799,76.08,1427, 12047, 44.95
MAZDA,EQ,05-08-2025,284.2,284.05,294.0,284.05,290.95,289.75,290.31,44213,128.35,1348, 19078, 43.15
MAZDA,EQ,06-08-2025,289.75,304.85,318.8,287.0,288.0,291.65,303.94,544459,1654.83,14279, 86378, 15.86
MAZDA,EQ,07-08-2025,291.65,290.0,290.0,281.2,286.25,286.0,284.68,52407,149.19,2403, 20779, 39.65
MAZDA,EQ,08-08-2025,286.0,287.8,287.8,273.55,275.3,274.8,277.72,60154,167.06,2234, 35959, 59.78
MAZDA,EQ,11-08-2025,274.8,277.55,278.0,262.05,265.7,266.75,267.64,45965,123.02,2291, 18382, 39.99
MAZDA,EQ,12-08-2025,266.75,271.0,279.15,267.0,275.2,275.15,274.68,51739,142.12,2365, 16990, 32.84
MAZDA,EQ,13-08-2025,275.15,275.15,277.0,270.3,273.0,274.15,273.0,23453,64.03,1109, 12191, 51.98
MAZDA,EQ,14-08-2025,274.15,277.5,278.0,271.65,273.0,274.1,274.79,23523,64.64,997, 10406, 44.24
MAZDA,EQ,18-08-2025,274.1,275.05,277.55,270.1,272.5,271.5,273.71,13872,37.97,888, 6516, 46.97
MAZDA,EQ,19-08-2025,271.5,270.0,278.0,269.95,278.0,277.25,274.67,24143,66.31,1284, 11087, 45.92
MAZDA,EQ,20-08-2025,277.25,276.3,296.8,274.15,291.85,290.55,287.31,80970,232.64,3576, 27866, 34.42
MAZDA,EQ,21-08-2025,290.55,291.1,305.0,287.05,289.5,289.75,296.52,78217,231.93,3816, 26238, 33.55
MAZDA,EQ,22-08-2025,289.75,292.7,294.7,286.0,287.0,287.75,289.23,21360,61.78,947, 12269, 57.44
MAZDA,EQ,25-08-2025,287.75,287.9,293.45,287.0,288.8,288.35,289.44,32729,94.73,1400, 19274, 58.89
MAZDA,EQ,26-08-2025,288.35,289.8,297.75,286.85,287.1,288.75,291.46,44221,128.89,1975, 25325, 57.27
MAZDA,EQ,28-08-2025,288.75,290.15,290.15,279.1,279.1,282.1,283.91,28665,81.38,1857, 14483, 50.53
MAZDA,EQ,29-08-2025,282.1,284.9,285.0,277.1,277.2,278.4,280.64,17368,48.74,1137, 8602, 49.53
MAZDA,EQ,01-09-2025,278.4,283.0,291.0,279.5,290.15,289.1,286.18,29917,85.62,2027, 19687, 65.81
MAZDA,EQ,02-09-2025,289.1,301.0,302.15,288.5,289.0,291.0,294.21,52372,154.08,2388, 25748, 49.16
MAZDA,EQ,03-09-2025,291.0,293.0,298.0,291.1,293.3,293.2,293.7,30882,90.7,1796, 18054, 58.46
MAZDA,EQ,04-09-2025,293.2,293.05,300.0,283.6,284.0,285.1,289.62,28449,82.39,1701, 15992, 56.21
MAZDA,EQ,05-09-2025,285.1,278.2,286.7,278.2,281.05,281.2,281.93,24938,70.31,1813, 11083, 44.44
MAZDA,EQ,08-09-2025,281.2,286.75,286.75,276.0,276.0,277.1,279.31,15411,43.04,1110, 8688, 56.38
MAZDA,EQ,09-09-2025,277.1,277.1,284.0,277.1,277.1,279.1,279.8,16979,47.51,1054, 10069, 59.30
MAZDA,EQ,10-09-2025,279.1,279.85,281.95,275.25,278.4,277.3,279.19,20763,57.97,906, 10974, 52.85
MAZDA,EQ,11-09-2025,277.3,278.5,282.0,272.0,272.0,272.6,275.89,25963,71.63,1209, 13418, 51.68
MAZDA,EQ,12-09-2025,272.6,275.4,287.75,272.15,274.05,274.55,276.67,36281,100.38,1742, 13083, 36.06
MAZDA,EQ,15-09-2025,274.55,278.4,279.4,273.1,276.0,276.8,276.34,21370,59.05,1020, 10021, 46.89
MAZDA,EQ,16-09-2025,276.8,280.5,282.7,275.8,281.8,279.6,279.47,21088,58.93,1128, 12619, 59.84
MAZDA,EQ,17-09-2025,279.6,280.95,284.95,275.75,279.4,276.6,279.7,14941,41.79,817, 10662, 71.36
MAZDA,EQ,18-09-2025,276.6,281.9,281.9,276.0,278.0,277.7,278.36,21623,60.19,2340, 9205, 42.57
MAZDA,EQ,19-09-2025,277.7,276.05,278.5,274.05,276.0,275.2,275.96,24466,67.52,1932, 13853, 56.62
MAZDA,EQ,22-09-2025,275.2,275.0,286.0,273.95,280.1,280.9,279.79,30302,84.78,2441, 15782, 52.08
MAZDA,EQ,23-09-2025,280.9,284.05,284.4,275.2,276.25,276.1,279.42,27805,77.69,1848, 14272, 51.33
MAZDA,EQ,24-09-2025,276.1,277.45,279.65,269.45,270.8,269.95,274.23,21571,59.15,1896, 11215, 51.99
MAZDA,EQ,25-09-2025,269.95,272.05,274.95,266.0,267.6,267.55,270.25,12849,34.72,1322, 4940, 38.45
MAZDA,EQ,26-09-2025,267.55,268.65,270.15,262.0,262.05,263.1,264.21,21401,56.54,2168, 9806, 45.82
MAZDA,EQ,29-09-2025,263.1,264.4,265.85,261.7,265.0,264.05,263.66,8911,23.49,614, 4680, 52.52
MAZDA,EQ,30-09-2025,264.05,265.0,267.4,260.6,261.1,261.75,262.79,12270,32.24,497, 9214, 75.09
MAZDA,EQ,01-10-2025,261.75,264.9,304.9,264.0,294.0,291.7,286.44,125771,360.26,5581, 53906, 42.86
MAZDA,EQ,03-10-2025,291.7,291.15,293.95,281.5,287.0,284.65,285.63,33315,95.16,1688, 15596, 46.81
MAZDA,EQ,06-10-2025,284.65,308.0,308.0,284.35,290.95,288.75,291.04,44764,130.28,2451, 18311, 40.91
MAZDA,EQ,07-10-2025,288.75,289.05,290.9,280.05,286.85,284.45,283.85,34700,98.49,1431, 21573, 62.17
MAZDA,EQ,08-10-2025,284.45,287.05,296.7,280.1,293.5,292.1,289.82,60761,176.1,2545, 31045, 51.09
MAZDA,EQ,09-10-2025,292.1,292.1,292.45,285.3,292.3,289.15,288.62,21345,61.61,1083, 13036, 61.07
MAZDA,EQ,10-10-2025,289.15,292.0,297.4,288.85,292.55,291.2,292.47,22659,66.27,1178, 15645, 69.05
MAZDA,EQ,13-10-2025,291.2,291.15,291.15,280.0,283.0,281.65,283.17,25914,73.38,1305, 16176, 62.42
MAZDA,EQ,14-10-2025,281.65,284.9,287.05,281.2,286.0,283.45,283.89,15690,44.54,1058, 8415, 53.63
MAZDA,EQ,15-10-2025,283.45,284.0,289.2,281.2,282.9,282.35,283.99,12990,36.89,530, 9787, 75.34
MAZDA,EQ,16-10-2025,282.35,282.35,288.15,282.15,284.0,283.35,284.64,8685,24.72,441, 4474, 51.51
MAZDA,EQ,17-10-2025,283.35,283.35,285.0,274.3,279.0,278.95,279.71,14736,41.22,675, 9123, 61.91
MAZDA,EQ,20-10-2025,278.95,278.95,278.95,273.5,275.1,275.8,275.27,13562,37.33,550, 8195, 60.43
MAZDA,EQ,21-10-2025,275.8,288.0,288.0,278.95,282.8,282.3,284.15,9769,27.76,438, 5145, 52.67
MAZDA,EQ,23-10-2025,282.3,287.9,287.9,278.0,278.0,279.3,282.31,8217,23.2,500, 5446, 66.28
MAZDA,EQ,24-10-2025,279.3,284.8,284.8,275.2,278.0,279.45,279.48,12977,36.27,477, 9370, 72.20
MAZDA,EQ,27-10-2025,279.45,281.1,283.0,279.0,280.5,279.85,280.98,7764,21.82,419, 4649, 59.88
MAZDA,EQ,28-10-2025,279.85,277.1,280.55,275.1,278.0,276.3,277.68,12386,34.39,607, 6744, 54.45
MAZDA,EQ,29-10-2025,276.3,281.95,285.0,275.7,278.95,278.55,280.16,18305,51.28,865, 11286, 61.66
MAZDA,EQ,30-10-2025,278.55,275.15,279.9,275.15,276.15,275.8,276.99,6185,17.13,290, 4838, 78.22
MAZDA,EQ,31-10-2025,275.8,277.6,279.0,267.9,270.0,269.15,272.32,19234,52.38,598, 14097, 73.29
MAZDA,EQ,03-11-2025,269.15,270.0,273.95,270.0,270.25,270.4,271.47,6787,18.42,477, 4266, 62.86
MAZDA,EQ,04-11-2025,270.4,271.6,276.9,270.15,276.0,272.85,272.98,12370,33.77,446, 8985, 72.64
MAZDA,EQ,06-11-2025,272.85,274.0,274.15,266.0,266.1,267.5,268.28,10846,29.1,513, 6662, 61.42
MAZDA,EQ,07-11-2025,267.5,267.25,272.0,263.05,264.95,264.85,267.61,23556,63.04,1679, 10531, 44.71
MAZDA,EQ,10-11-2025,264.85,260.35,268.7,258.0,258.0,260.6,261.44,16365,42.78,774, 12580, 76.87
MAZDA,EQ,11-11-2025,260.6,268.5,268.5,255.1,258.8,257.5,258.86,16109,41.7,660, 10064, 62.47
MAZDA,EQ,12-11-2025,257.5,266.95,266.95,249.6,256.95,256.05,255.68,30311,77.5,1648, 16595, 54.75
MAZDA,EQ,13-11-2025,256.05,245.05,258.0,245.05,251.25,253.8,252.39,22494,56.77,1081, 12756, 56.71
MAZDA,EQ,14-11-2025,253.8,254.7,256.0,249.95,256.0,254.4,253.21,14346,36.33,732, 8962, 62.47
MAZDA,EQ,17-11-2025,254.4,254.4,259.45,250.35,252.6,254.1,253.97,31066,78.9,1164, 21491, 69.18
MAZDA,EQ,18-11-2025,254.1,255.3,255.3,248.85,249.05,250.05,251.26,9539,23.97,481, 6493, 68.07
MAZDA,EQ,19-11-2025,250.05,250.05,252.6,246.0,246.5,246.35,247.53,9978,24.7,541, 7134, 71.50
MAZDA,EQ,20-11-2025,246.35,246.5,250.0,242.6,246.0,245.2,245.29,10572,25.93,638, 7301, 69.06
MAZDA,EQ,21-11-2025,245.2,247.55,248.0,240.15,243.65,242.75,243.63,14579,35.52,1350, 6526, 44.76
MAZDA,EQ,24-11-2025,242.75,240.05,242.0,234.2,236.0,237.05,237.22,20578,48.82,856, 12876, 62.57
MAZDA,EQ,25-11-2025,237.05,233.65,241.65,232.1,232.6,233.65,235.82,35326,83.31,1141, 23741, 67.21
MAZDA,EQ,26-11-2025,233.65,238.55,241.95,233.4,240.5,239.8,237.71,25145,59.77,939, 14600, 58.06
MAZDA,EQ,27-11-2025,239.8,242.0,245.25,237.0,237.05,238.0,240.93,18317,44.13,996, 9688, 52.89
MAZDA,EQ,28-11-2025,238.0,238.0,239.9,236.1,237.4,236.9,237.56,6347,15.08,410, 4747, 74.79
MAZDA,EQ,01-12-2025,236.9,237.0,239.9,232.0,232.0,234.01,235.65,20486,48.28,664, 14693, 71.72
MAZDA,EQ,02-12-2025,234.01,232.27,239.85,231.5,236.8,236.86,234.91,18477,43.4,684, 10233, 55.38
MAZDA,EQ,03-12-2025,236.86,236.8,239.0,230.15,230.22,231.7,233.96,18648,43.63,1035, 11574, 62.07
MAZDA,EQ,04-12-2025,231.7,232.0,258.74,232.0,238.0,239.09,246.65,77690,191.62,2867, 29532, 38.01
MAZDA,EQ,05-12-2025,239.09,245.4,245.4,233.51,234.83,235.49,236.83,11410,27.02,780, 5722, 50.15
MAZDA,EQ,08-12-2025,235.49,236.2,237.55,215.2,216.92,217.25,221.51,61812,136.92,2085, 41259, 66.75
MAZDA,EQ,09-12-2025,217.25,215.01,222.58,215.01,218.0,219.8,218.86,26533,58.07,1314, 14648, 55.21
MAZDA,EQ,10-12-2025,219.8,222.7,226.83,218.0,219.99,219.64,222.26,12523,27.83,668, 7143, 57.04
MAZDA,EQ,11-12-2025,219.64,219.64,225.28,218.82,222.5,221.72,222.42,20008,44.5,1151, 12895, 64.45
MAZDA,EQ,12-12-2025,221.72,224.09,225.0,220.11,222.0,221.03,221.68,9387,20.81,619, 5593, 59.58
MAZDA,EQ,15-12-2025,221.03,221.03,224.68,217.83,222.85,222.44,222.06,21920,48.68,950, 11809, 53.87
MAZDA,EQ,16-12-2025,222.44,219.5,224.39,213.12,214.6,214.6,217.26,33742,73.31,1302, 26708, 79.15
MAZDA,EQ,17-12-2025,214.6,215.34,217.01,209.0,209.0,210.73,212.31,20953,44.49,1589, 13345, 63.69
MAZDA,EQ,18-12-2025,210.73,214.8,219.9,211.21,214.9,214.14,213.97,26998,57.77,1703, 15820, 58.60
MAZDA,EQ,19-12-2025,214.14,217.0,217.0,208.32,212.61,213.0,212.04,13182,27.95,1236, 7923, 60.10
MAZDA,EQ,22-12-2025,213.0,218.68,224.08,214.03,221.99,220.94,219.01,32006,70.1,1774, 18007, 56.26
MAZDA,EQ,23-12-2025,220.94,221.0,222.33,216.57,218.0,218.08,218.8,23459,51.33,1256, 17122, 72.99
MAZDA,EQ,24-12-2025,218.08,220.08,221.0,214.01,214.51,216.03,216.54,13329,28.86,1106, 6702, 50.28
MAZDA,EQ,26-12-2025,216.03,213.2,217.0,210.37,215.0,213.35,213.8,16828,35.98,1260, 10136, 60.23
MAZDA,EQ,29-12-2025,213.35,216.4,216.4,210.06,215.45,213.5,213.13,13794,29.4,706, 9157, 66.38
MAZDA,EQ,30-12-2025,213.5,216.95,218.4,211.4,212.01,213.13,213.24,9438,20.13,380, 6738, 71.39
MAZDA,EQ,31-12-2025,213.13,214.72,225.0,214.65,222.45,221.65,221.16,36016,79.65,1206, 18322, 50.87
MAZDA,EQ,01-01-2026,221.65,224.94,224.94,216.55,218.0,219.68,220.26,7322,16.13,458, 3706, 50.61
MAZDA,EQ,02-01-2026,219.68,222.63,225.12,219.31,222.99,223.21,222.64,15927,35.46,775, 9358, 58.76
MAZDA,EQ,05-01-2026,223.21,222.25,225.0,220.0,220.04,220.35,221.84,6580,14.6,492, 3659, 55.61
MAZDA,EQ,06-01-2026,220.35,222.05,222.05,215.0,215.6,216.23,216.83,11973,25.96,495, 8622, 72.01
MAZDA,EQ,07-01-2026,216.23,217.0,218.71,214.96,216.0,216.25,216.24,11932,25.8,313, 8837, 74.06
MAZDA,EQ,08-01-2026,216.25,214.0,218.0,205.5,209.99,207.13,210.01,15062,31.63,650, 9691, 64.34
MAZDA,EQ,09-01-2026,207.13,210.02,215.42,205.18,215.0,212.78,210.29,7608,16.0,552, 3869, 50.85
MAZDA,EQ,12-01-2026,212.78,212.78,212.78,200.0,206.0,207.93,203.59,36575,74.46,1069, 18582, 50.81
MAZDA,EQ,13-01-2026,207.93,209.9,210.81,204.61,208.95,207.21,207.45,9248,19.18,368, 5921, 64.02
MAZDA,EQ,14-01-2026,207.21,205.0,210.79,205.0,207.88,206.48,206.86,13262,27.43,394, 9448, 71.24
MAZDA,EQ,16-01-2026,206.48,206.51,209.18,202.41,203.01,204.06,205.64,10027,20.62,410, 5656, 56.41
MAZDA,EQ,19-01-2026,204.06,204.06,209.7,199.9,200.0,200.41,202.23,13095,26.48,409, 8986, 68.62
MAZDA,EQ,20-01-2026,200.41,201.88,201.88,193.01,195.1,195.95,199.1,34631,68.95,802, 30339, 87.61
MAZDA,EQ,21-01-2026,195.95,195.95,199.0,189.07,196.97,196.06,193.87,14005,27.15,657, 7242, 51.71
MAZDA,EQ,22-01-2026,196.06,196.06,201.94,194.01,196.76,195.87,197.25,14901,29.39,319, 11908, 79.91
MAZDA,EQ,23-01-2026,195.87,196.0,200.71,193.01,193.03,194.81,196.84,7461,14.69,316, 4056, 54.36
MAZDA,EQ,27-01-2026,194.81,199.7,199.7,190.03,191.49,191.01,191.61,8239,15.79,311, 6113, 74.20
MAZDA,EQ,28-01-2026,191.01,193.9,201.0,193.02,200.98,199.85,197.38,9302,18.36,432, 4883, 52.49
MAZDA,EQ,29-01-2026,199.85,202.67,202.67,192.38,193.0,193.91,195.29,7746,15.13,459, 4151, 53.59
MAZDA,EQ,30-01-2026,193.91,193.91,202.79,193.91,197.05,200.63,198.22,7907,15.67,295, 5104, 64.55
MAZDA,EQ,01-02-2026,200.63,204.75,204.89,190.0,193.55,192.19,194.49,17522,34.08,679, 10694, 61.03
MAZDA,EQ,02-02-2026,192.19,191.36,197.69,190.41,194.63,195.04,195.23,17683,34.52,284, 10592, 59.90
MAZDA,EQ,03-02-2026,195.04,198.0,211.7,196.9,207.0,208.23,205.14,22233,45.61,664, 12472, 56.10
MAZDA,EQ,04-02-2026,208.23,208.23,210.18,202.54,209.17,208.12,207.76,6093,12.66,266, 3531, 57.95
MAZDA,EQ,05-02-2026,208.12,209.64,217.31,209.39,215.0,214.31,213.22,11017,23.49,568, 6235, 56.59
MAZDA,EQ,06-02-2026,214.31,216.97,216.97,205.37,212.9,212.1,210.87,11058,23.32,397, 7489, 67.72
MAZDA,EQ,09-02-2026,212.1,219.4,220.79,213.27,217.11,217.81,217.37,9816,21.34,464, 5636, 57.42
MAZDA,EQ,10-02-2026,217.81,217.14,219.54,214.26,219.0,215.98,216.45,9352,20.24,337, 6841, 73.15
MAZDA,EQ,11-02-2026,215.98,220.29,220.3,209.16,214.97,212.61,213.3,7428,15.84,385, 4609, 62.05
MAZDA,EQ,12-02-2026,212.61,219.0,255.13,216.03,223.5,224.06,240.73,349149,840.49,9158, 69794, 19.99
MAZDA,EQ,13-02-2026,224.06,221.01,226.85,219.61,222.0,222.52,223.21,23002,51.34,652, 12983, 56.44
MAZDA,EQ,16-02-2026,222.52,226.45,227.92,217.56,219.07,219.55,221.69,22945,50.87,604, 14034, 61.16
MAZDA,EQ,17-02-2026,219.55,222.1,222.39,215.42,215.5,216.29,219.3,23240,50.97,618, 12066, 51.92
MAZDA,EQ,18-02-2026,216.29,216.55,219.6,214.0,215.5,215.13,215.7,10094,21.77,413, 5654, 56.01
MAZDA,EQ,19-02-2026,215.13,216.01,216.88,209.05,212.49,210.04,212.32,15248,32.37,590, 9252, 60.68
MAZDA,EQ,20-02-2026,210.04,210.04,211.54,208.1,208.1,208.29,209.57,7269,15.23,281, 4382, 60.28
MAZDA,EQ,23-02-2026,208.29,209.25,210.88,202.1,202.1,203.61,204.84,18723,38.35,491, 10823, 57.81
MAZDA,EQ,24-02-2026,203.61,202.0,204.22,194.1,195.0,196.25,197.9,32513,64.34,994, 21799, 67.05
MAZDA,EQ,25-02-2026,196.25,195.7,205.25,193.05,205.25,200.85,197.72,22387,44.26,827, 13940, 62.27
MAZDA,EQ,26-02-2026,200.85,204.7,215.5,203.1,204.09,203.82,207.42,23824,49.42,809, 12044, 50.55
MAZDA,EQ,27-02-2026,203.82,200.1,206.8,196.11,196.11,197.39,199.6,13179,26.3,545, 8559, 64.94
MAZDA,EQ,02-03-2026,197.39,192.61,197.37,189.54,195.25,196.55,194.67,24398,47.49,674, 14247, 58.39
MAZDA,EQ,04-03-2026,196.55,194.97,195.7,189.86,190.0,192.76,192.02,13996,26.88,747, 8266, 59.06
MAZDA,EQ,05-03-2026,192.76,199.9,200.0,194.0,200.0,198.2,195.96,12615,24.72,389, 9112, 72.23
MAZDA,EQ,06-03-2026,198.2,195.0,199.07,194.0,194.0,195.23,196.43,5404,10.61,269, 3432, 63.51
MAZDA,EQ,09-03-2026,195.23,194.0,194.0,185.56,190.0,189.91,189.32,8776,16.61,399, 5780, 65.86
MAZDA,EQ,10-03-2026,189.91,194.4,196.0,190.0,192.52,192.89,192.4,16376,31.51,355, 10604, 64.75
MAZDA,EQ,11-03-2026,192.89,196.0,196.0,191.97,192.0,193.02,193.65,12075,23.38,316, 8464, 70.10
MAZDA,EQ,12-03-2026,193.02,192.1,193.49,187.1,187.15,188.63,190.31,7840,14.92,274, 5272, 67.24
MAZDA,EQ,13-03-2026,188.63,188.5,188.5,180.62,184.94,183.67,184.02,23789,43.78,626, 18034, 75.81
MAZDA,EQ,16-03-2026,183.67,185.5,185.97,180.0,181.81,181.59,182.36,11137,20.31,464, 6886, 61.83
MAZDA,EQ,17-03-2026,181.59,180.0,186.12,176.56,177.0,177.62,180.28,32200,58.05,745, 16562, 51.43
MAZDA,EQ,18-03-2026,177.62,180.3,182.79,177.93,180.84,181.86,179.85,30156,54.24,663, 17881, 59.29
MAZDA,EQ,19-03-2026,181.86,181.78,181.78,176.0,176.79,176.37,177.87,17891,31.82,481, 13838, 77.35
MAZDA,EQ,20-03-2026,176.37,180.42,182.29,170.13,170.51,171.31,173.97,36596,63.67,1559, 19188, 52.43
MAZDA,EQ,23-03-2026,171.31,171.5,192.9,168.87,172.8,171.78,179.78,87100,156.59,2729, 29267, 33.60
MAZDA,EQ,24-03-2026,171.78,175.31,179.19,168.59,169.15,170.76,170.95,48284,82.54,1441, 26178, 54.22
MAZDA,EQ,25-03-2026,170.76,172.0,188.9,172.0,183.49,183.48,184.89,112874,208.69,1348, 85528, 75.77
MAZDA,EQ,27-03-2026,183.48,178.5,182.19,167.04,174.0,171.17,175.45,51805,90.89,1046, 36614, 70.68
MAZDA,EQ,30-03-2026,171.17,171.17,171.7,159.2,160.5,161.12,166.23,45809,76.15,1656, 24291, 53.03
MAZDA,EQ,01-04-2026,161.12,164.0,177.85,164.0,174.5,176.36,174.55,20400,35.61,578, 9316, 45.67
MAZDA,EQ,02-04-2026,176.36,176.36,179.9,170.21,178.19,178.38,175.44,13277,23.29,523, 7465, 56.23
MAZDA,EQ,06-04-2026,178.38,178.19,182.77,176.12,181.0,182.0,180.55,20319,36.69,609, 12041, 59.26
MAZDA,EQ,07-04-2026,182.0,181.0,184.6,180.08,184.25,184.17,183.41,11035,20.24,418, 7216, 65.39
MAZDA,EQ,08-04-2026,184.17,190.55,196.07,188.0,191.16,193.12,192.14,12213,23.47,537, 6747, 55.24
MAZDA,EQ,09-04-2026,193.12,190.0,198.5,189.1,195.9,191.56,193.26,12666,24.48,402, 7276, 57.45
MAZDA,EQ,10-04-2026,191.56,195.86,209.9,194.28,203.7,202.82,203.18,38277,77.77,1203, 19113, 49.93
MAZDA,EQ,13-04-2026,202.82,198.0,202.0,196.27,200.29,198.36,199.35,9085,18.11,459, 4517, 49.72
MAZDA,EQ,15-04-2026,198.36,204.9,206.68,201.99,204.97,204.73,204.23,20150,41.15,459, 14246, 70.70
MAZDA,EQ,16-04-2026,204.73,209.6,209.6,204.05,206.59,206.07,206.04,8681,17.89,371, 4691, 54.04
MAZDA,EQ,17-04-2026,206.07,207.89,212.0,205.82,210.19,210.0,209.4,23725,49.68,565, 13539, 57.07
MAZDA,EQ,20-04-2026,210.0,214.87,214.87,208.05,211.0,211.61,211.0,12544,26.47,478, 8143, 64.92
MAZDA,EQ,21-04-2026,211.61,212.5,214.62,208.0,210.9,208.99,212.08,11827,25.08,519, 5679, 48.02
MAZDA,EQ,22-04-2026,208.99,207.86,213.0,207.86,210.1,211.56,211.18,13573,28.66,328, 9427, 69.45
MAZDA,EQ,23-04-2026,211.56,210.53,217.9,210.0,216.0,215.6,214.69,14520,31.17,393, 9013, 62.07
MAZDA,EQ,24-04-2026,215.6,215.99,218.0,207.1,207.1,209.77,211.16,20423,43.12,607, 14560, 71.29
MAZDA,EQ,27-04-2026,209.77,210.82,225.5,207.2,215.96,215.67,216.78,63173,136.95,1582, 32631, 51.65
MAZDA,EQ,28-04-2026,215.67,218.6,219.49,216.06,216.7,217.36,217.61,12407,27.0,294, 8024, 64.67
MAZDA,EQ,29-04-2026,217.36,219.0,219.0,213.0,213.0,214.91,215.38,17445,37.57,407, 12176, 69.80
MAZDA,EQ,30-04-2026,214.91,215.7,217.03,210.1,213.5,213.8,212.77,22230,47.3,2007, 6209, 27.93
MAZDA,EQ,04-05-2026,213.8,216.95,216.95,207.99,209.5,209.85,212.74,28318,60.25,2656, 13192, 46.59
MAZDA,EQ,06-05-2026,210.14,215.0,218.0,211.13,213.56,214.62,214.56,12831,27.53,925, 5885, 45.87
MAZDA,EQ,05-05-2026,209.85,209.9,214.55,209.11,209.11,210.14,211.2,11603,24.51,2023, 3909, 33.69
